# Created at Sat Jul 26 09:15:13 PDT 2025
55202593011277 -2.346163 4.959125 6.802795
55202622089707 -2.455036 4.022933 6.000003
55202651163559 -0.748953 4.910670 8.563912
55202680241746 1.216152 6.791429 10.107283
55202709324631 0.647259 3.915256 8.706285
55202738398911 0.382253 2.408376 10.304690
55202767470933 0.281755 3.774678 13.267603
55202796560166 0.616750 3.539583 12.052648
55202825639756 1.064806 1.449452 10.875978
55202854717454 -0.659821 1.209572 10.330414
55202883795579 -1.120439 1.459024 10.424930
55202912872605 -1.557129 -1.037289 4.250849
55202941951279 -3.146562 1.218545 9.160323
55202971022751 -1.785644 1.733002 10.549955
55203000103684 -1.115055 6.461219 4.932206
55203029180040 -1.327418 2.441277 13.529019
55203058264939 -2.100898 2.114059 8.994620
55203087346360 -1.014557 0.954138 9.366704
55203116410569 -1.155135 1.509871 9.309277
55203145502854 -0.576072 3.243471 10.558928
55203174580430 -0.555733 2.160121 11.018350
55203203658494 -0.535394 2.641676 7.277172
55203232736924 0.315254 4.149155 8.972486
55203261815354 -1.651048 2.996412 8.263613
55203290881760 -1.149153 2.243271 8.522636
55203319967088 0.046062 3.270988 9.549157
55203349036606 0.486939 3.397210 7.916654
55203378131150 0.077767 2.916253 9.193823
55203407209702 -1.518246 2.216352 10.079765
55203436286362 -0.481556 3.259024 9.952946
55203465366136 -0.664607 3.370291 8.108678
55203494444626 -1.151546 2.898905 8.160124
55203523520799 -1.183849 2.656033 9.971490
55203552600938 -0.506082 3.317649 9.500104
55203581678086 -0.427717 3.536592 10.493724
55203610743760 -1.169492 3.089732 12.259028
55203639822190 -2.058426 2.729612 10.710873
55203668900071 -1.463211 3.391826 8.799605
55203697992051 -0.724427 3.704688 8.874381
55203727070542 -0.439681 3.146562 9.455837
55203756153733 0.308076 3.379862 9.281759
55203785227891 0.726820 3.205784 9.592826
55203814306260 0.973281 3.259623 8.532805
55203843387070 1.625923 3.669992 8.112865
55203872466172 1.726422 3.677768 8.474779
55203901541123 1.750350 3.472584 8.735598
55203930614670 1.936392 3.518048 8.940184
55203959693223 2.340779 3.616751 8.518449
55203988762559 2.525026 3.503092 8.078169
55204017843369 3.241677 3.904488 8.821140
55204046933640 3.074179 3.801597 8.635098
55204076013108 3.050849 3.744767 8.801998
55204105092271 3.065206 3.802195 8.606983
55204134164658 3.408576 3.754937 9.406186
55204163247849 3.381058 3.943372 9.703494
55204192326524 2.921636 3.914060 7.892725
55204221388291 2.734996 3.859623 7.521240
55204250471482 2.818147 3.777071 9.366106
55204279556260 3.198606 3.919444 8.735598
55204308631394 2.897110 3.857828 7.725826
55204337719041 3.260221 4.054040 8.059027
55204366796982 3.690331 4.110271 8.934800
55204395878587 3.923631 4.332804 8.648857
55204424952928 3.866203 4.396214 8.172686
55204454031236 3.756133 4.182654 8.467601
55204483110947 3.823730 4.343571 8.410771
55204512186021 3.011966 4.023531 7.587641
55204541255662 3.027519 4.178466 8.190034
55204570344957 2.631507 3.948157 8.218747
55204599416550 2.627918 4.204788 8.048857
55204628494980 2.299503 4.082155 8.388638
55204657583603 2.618944 4.456034 8.084151
55204686661118 2.104487 4.054040 8.680562
55204715733140 1.938186 4.375276 7.882556
55204744817490 1.966900 4.365705 7.982456
55204773886216 1.719841 4.241278 8.769695
55204802974656 1.719841 4.460820 8.266006
55204832052720 2.039881 4.776672 8.242676
55204861129013 1.945963 4.971089 8.440084
55204890204636 2.041676 5.002196 9.016754
55204919285508 1.384248 4.715655 9.266206
55204948365098 0.911665 4.817350 8.091330
55204977445420 0.993620 4.934000 8.483154
55205006524338 1.051047 4.875974 8.797213
55205035603989 1.007378 4.742575 8.925228
55205064684007 0.926621 4.690531 9.087342
55205093759385 0.678963 4.721637 8.678768
55205122837937 0.908674 4.578068 10.145568
55205151911301 1.122832 4.543970 10.168300
55205180993943 0.611964 4.794619 8.250452
55205210068467 0.035294 4.785645 7.719246
55205239145188 -0.099302 4.526024 7.598408
55205268232834 0.503091 4.655236 9.022736
55205297296494 1.309472 5.033901 9.316455
55205326388047 1.287937 5.087141 7.480562
55205355467698 1.111466 4.840680 7.847262
55205384535996 1.450050 4.735994 8.708079
55205413623337 1.768296 4.755137 8.224730
55205442701707 1.880160 4.487739 7.000801
55205471770066 2.569891 4.537390 6.630512
55205500846176 3.453441 4.247859 9.442677
55205529931443 3.696313 4.356133 9.246465
55205559008653 3.531208 4.421936 6.743572
55205588094651 3.821936 4.200002 7.350751
55205617167161 4.275376 4.070191 8.506484
55205646253403 4.829314 4.889135 8.023134
55205675328782 4.502694 4.386642 7.076773
55205704406479 3.808775 3.481557 6.687341
55205733488205 4.097709 3.277569 6.050252
55205762566209 6.396613 3.951747 7.664211
55205791641404 7.154540 3.605984 6.059824
55205820723313 8.747561 4.708477 5.429315
55205849806992 8.194221 4.414160 5.082355
55205878871812 8.003393 3.942175 6.010172
55205907962388 7.826923 3.910470 6.039485
55205937026719 7.739585 3.800400 4.980062
55205966116929 7.830512 3.933202 4.804190
55205995194932 7.118049 3.150151 4.701897
55206024273545 7.060023 2.751148 4.990232
55206053352463 7.423134 3.052045 5.148158
55206082418260 8.116454 2.779263 4.808377
55206111510239 8.588439 3.062215 4.402794
55206140587998 8.167900 2.379064 5.196612
55206169664048 8.525029 2.548954 4.752146
55206198745408 8.685348 2.484946 3.687340
55206227824204 8.451449 2.487339 3.497709
55206256905686 8.379665 2.206182 3.949354
55206285981370 8.151151 2.093720 4.006782
55206315062364 8.025527 1.931606 2.995216
55206344139390 9.023335 2.626721 3.347559
55206373217088 9.189635 2.663810 3.237489
55206402292588 9.480962 2.607579 4.060620
55206431375412 10.020543 2.959323 4.174877
55206460452744 11.489138 3.758526 3.733402
55206489534348 12.095718 3.863810 5.176872
55206518610154 12.234502 3.903890 5.715257
55206547687363 13.237693 5.043472 5.030910
55206576768479 13.070195 4.758726 5.430511
55206605845811 12.909877 4.670192 6.723832
55206634924546 11.841481 4.261019 6.182456
55206664003525 9.942178 2.843271 6.549754
55206693068711 9.687343 3.299104 6.821339
55206722163987 8.881559 3.288337 5.705087
55206751226243 8.699705 3.515655 4.782056
55206780317490 7.979465 3.179463 4.354339
55206809397446 7.460223 3.159124 4.332804
55206838474900 7.081559 3.458227 5.029115
55206867553025 6.860222 3.831507 5.724230
55206896632981 6.423532 3.613162 3.669394
55206925697861 6.004788 3.845266 3.043670
55206954793137 4.721637 3.223132 2.711666
55206983865342 3.590430 2.513660 2.712863
55207012935106 2.873182 2.397010 0.616750
55207042026292 2.931208 2.705684 0.323031
55207071091660 2.425724 2.151746 0.908674
55207100186082 2.767898 2.097309 1.058824
55207129262070 2.337189 1.665405 0.399601
55207158331223 1.995614 1.770689 0.717249
55207187420090 2.827120 2.498705 1.419542
55207216498215 3.853641 3.380460 1.124627
55207245576463 5.366503 4.137190 1.995016
55207274656357 6.059225 4.035495 4.304090
55207303721055 6.561718 4.433900 4.957330
55207332809739 6.364908 4.514658 3.757330
55207361892991 7.219744 4.853242 4.646862
55207390970139 7.805985 4.852046 5.277968
55207420037278 8.559127 5.423333 4.686941
55207449114793 8.462815 4.924429 5.141578
55207478206223 8.821739 4.870591 6.441479
55207507271591 9.992428 5.938986 6.934400
55207536367600 10.182058 6.693323 7.978867
55207565443589 8.298309 6.337989 9.927821
55207594521592 6.340382 6.463014 8.469994
55207623599473 5.914459 6.872187 8.894720
55207652678208 5.615356 7.081559 9.165109
55207681744492 5.262415 6.817152 9.551550
55207710824998 3.392424 5.432306 9.923634
55207739916123 3.297908 5.111069 11.286346
55207768983750 2.615953 5.074579 10.616954
55207798073655 2.929413 5.212764 9.853045
55207827151475 3.387040 5.347361 9.842278
55207856226670 0.909871 3.838088 8.866604
55207885308030 1.727020 5.083552 8.002795
55207914387620 0.165703 3.778865 8.030313
55207943466660 -0.404387 4.210171 7.740781
55207972546311 -0.188435 4.701897 7.747960
55208001627549 1.865803 4.312465 7.028318
55208030702378 -0.725025 4.410570 9.390035
55208059781662 -1.101297 4.441677 9.224930
55208088860520 -1.260419 3.831507 9.150154
55208117924485 -0.555733 3.873980 9.289536
55208147020859 -1.264607 3.391228 7.267601
55208176098863 -1.115654 2.653042 6.612566
55208205176316 -2.467598 2.446063 7.057032
55208234249680 -3.193820 1.785644 7.194620
55208263332749 -2.985644 1.472184 6.967301
55208292413193 -3.713063 0.078963 7.962716
55208321490464 -5.547760 -1.194018 6.040681
55208350569260 -6.734599 -2.370091 8.109276
55208379651353 -5.137390 -2.155335 9.290133
55208408726670 -5.854041 -2.882753 9.574880
55208437807053 -5.901299 -2.853441 9.388838
55208466884141 -5.062016 -2.216352 8.931211
55208495963364 -3.738785 -1.374078 10.018150
55208525042649 -4.280161 -2.075176 9.338589
55208554121628 -3.963113 -2.613560 9.399606
55208583200059 -4.063013 -2.952743 10.394422
55208612278733 -3.756732 -2.456233 10.396814
55208641356370 -3.129812 -2.151746 11.783455
55208670437607 0.384048 0.926022 11.347961
55208699503586 2.610569 2.219343 10.667802
55208728594163 1.573281 2.459224 10.312468
55208757673264 1.993819 2.676970 11.041680
55208786751694 1.825724 2.654238 9.659226
55208815830979 1.826322 2.686542 10.003195
55208844909592 2.120041 2.715854 9.200403
55208873988145 2.410769 2.455036 10.012168
55208903068467 2.919244 2.583650 8.956335
55208932140549 4.978866 3.505485 8.999406
55208961226731 4.734200 3.157928 8.483154
55208990304551 3.978666 2.605784 7.433902
55209019383591 4.744967 2.865405 6.482157
55209048461777 5.110471 2.572883 6.740582
55209077540940 5.687739 2.624328 7.348358
55209106621506 5.312066 1.858027 6.071189
55209135699570 7.607980 2.954538 4.387838
55209164777207 8.260024 2.483152 5.315656
55209193859483 7.548757 1.453640 6.743572
55209222936631 7.289734 1.207777 2.602195
55209252011461 9.580264 2.163710 0.445663
55209281093186 10.296914 1.539781 4.301099
55209310159104 10.552946 1.383650 3.788436
55209339247605 9.835697 0.959522 2.754139
55209368322678 9.567103 0.789631 1.470988
55209397408555 9.486345 0.660419 1.947159
55209426488938 10.143175 0.823131 4.845466
55209455567124 9.130413 -0.023928 4.587041
55209484645066 9.101699 0.234497 3.830909
55209513725449 8.568100 0.334397 3.314059
55209542791123 8.528618 0.384646 5.432904
55209571882432 7.982456 0.457029 6.113662
55209600965989 9.998409 1.766501 8.058429
55209630040391 9.701699 1.814956 6.887142
55209659119065 9.980463 1.850848 8.531610
55209688195725 8.572886 1.614557 6.495915
55209717278611 8.184649 2.151746 6.835696
55209746356614 7.261020 1.917847 7.387242
55209775422227 7.081559 2.111666 7.981260
55209804517320 5.533402 2.038087 7.149754
55209833594651 5.626722 2.996412 6.964909
55209862672471 5.113462 2.714657 8.373085
55209891754929 5.368896 3.146562 9.372088
55209920830979 4.892724 3.451647 8.317451
55209949909226 4.010969 3.109473 8.601001
55209978988694 3.000001 2.508276 8.740981
55210008067429 2.487937 2.994617 8.813962
55210037146226 1.388435 2.924029 9.186645
55210066226670 0.111864 2.752344 8.982058
55210095302232 0.515055 3.439682 9.753145
55210124386948 0.113659 3.559922 8.487342
55210153464036 -1.006182 2.996412 8.832506
55210182541550 -1.506880 2.694916 9.043075
55210211620957 -1.645664 2.687738 8.652447
55210240686692 -1.761117 2.069193 9.454640
55210269778489 -1.870589 2.042274 9.259625
55210298846116 -2.248057 1.990828 8.307282
55210327933945 -2.157728 2.099104 8.226524
55210357015977 -2.160121 2.137987 9.543175
55210386095139 -3.001796 1.643869 8.375478
55210415173875 -2.157728 2.042872 8.054241
55210444253342 -0.659821 2.519044 9.108877
55210473317490 0.203390 2.811567 9.578469
55210502407090 0.390030 3.070590 9.769895
55210531491440 0.700499 3.378067 9.484550
55210560572190 0.693919 3.251846 8.858828
55210589635057 0.488734 2.839682 9.209974
55210618730516 0.397807 3.065206 8.558528
55210647790818 0.140578 3.047858 8.421539
55210676885911 0.136989 3.150749 8.975478
55210705955002 -0.582652 2.818147 8.891130
55210735030930 -0.908076 2.498107 8.780462
55210764126939 -0.657428 2.036292 8.818748
55210793201646 -0.063410 1.513460 9.617950
55210822281602 0.717847 1.460220 9.966704
55210851360764 1.310070 2.164308 9.605987
55210880439744 1.354338 2.151746 10.540383
55210909518479 1.045065 1.990828 11.099108
55210938585618 0.500698 1.649253 10.627124
55210967677231 0.355932 1.333400 10.215558
55210996757554 0.392423 0.677767 10.558928
55211025832383 0.700499 0.401994 10.283155
55211054914414 0.707677 0.874577 10.687542
55211083979112 0.232104 0.852443 11.114661
55211113070114 -0.135793 0.550947 11.228918
55211142152024 0.345165 1.278964 9.476176
55211171227036 0.775275 1.655833 9.557532
55211200312852 0.781855 1.349552 11.806786
55211229390488 0.499502 0.814756 11.952149
55211258469345 0.597607 1.024726 9.878170
55211287548020 1.226322 1.383052 9.414560
55211316627488 2.103889 1.747359 9.531809
55211345706833 2.504089 2.112264 9.007781
55211374785569 2.270190 1.981257 8.793025
55211403864426 2.256432 2.037488 9.175279
55211432946702 1.961516 2.019542 9.257831
55211462024277 1.608575 2.118845 8.573483
55211491099167 1.622932 2.181058 8.359326
55211520181199 1.484746 2.019542 8.797811
55211549248154 1.523630 1.850250 9.669396
55211578343369 2.254637 2.815156 9.080762
55211607419114 2.577070 3.632903 9.342776
55211636495041 2.359323 3.626921 10.269397
55211665568405 3.237489 4.409374 10.170094
55211694645127 4.664209 4.370491 9.284152
55211723736252 3.419343 4.222136 7.520043
55211752812180 3.340979 4.216154 9.595219
55211781882248 2.912065 3.196213 11.875579
55211810975816 2.874378 4.109075 9.826126
55211840053330 1.790430 3.315256 9.463614
55211869132737 1.899901 3.108875 9.919446
55211898211716 2.077568 3.602395 9.602397
55211927292405 0.521037 3.722634 5.971887
55211956367600 -0.936790 2.801995 7.313663
55211985449876 -0.880559 1.306481 10.737193
55212014521470 -0.307478 2.593820 8.925827
55212043607651 -0.736989 3.112464 6.365507
55212072687607 -1.220340 2.341377 6.610771
55212101765610 -3.086143 0.512064 8.072187
55212130849351 -3.396013 0.778266 7.135995
55212159926865 -3.371487 0.127418 5.914459
55212188995713 -2.724827 -1.270589 8.806186
55212218084397 -2.320440 -1.454238 9.117252
55212247163559 -2.426920 -1.999802 9.242876
55212276243637 -2.149353 -1.301695 8.497512
55212305322617 -3.208775 -2.863611 11.010573
55212334397874 -1.809572 -2.149353 8.876176
55212363480882 -0.682553 -2.362314 8.281559
55212392561631 -1.782055 -3.976871 9.301499
55212421639695 -2.438884 -4.432106 10.632507
55212450706406 -1.662413 -3.449852 11.857035
55212479786057 -2.831906 -3.649653 9.876974
55212508878220 -1.651646 -2.882155 7.863413
55212537957688 -1.460220 -2.970689 8.601001
55212567036790 -1.517648 -2.874378 8.286943
55212596117906 -0.323031 -3.201597 8.907881
55212625196946 0.977468 -3.139982 9.473783
55212654275376 0.285942 -4.146163 11.001600
55212683354661 0.774078 -4.756931 11.324033
55212712435532 1.592423 -4.770690 11.028520
55212741515366 2.334797 -4.153940 12.588640
55212770576951 0.399601 -4.762315 12.232109
55212799672288 1.874178 -3.183052 10.933405
55212828748948 1.858625 -2.296512 11.173285
55212857818955 1.588236 -1.598405 9.939785
55212886897019 2.228914 -0.738186 9.641879
55212915977708 3.214757 0.506082 10.241879
55212945072007 3.436692 0.870987 11.321640
55212974152634 3.317649 0.966700 11.322837
55213003228928 3.336193 1.394417 9.574880
55213032295335 3.546163 1.392623 9.807582
55213061387925 3.697509 1.374078 9.305687
55213090468613 3.876373 1.377069 8.021938
55213119546860 3.908676 1.389632 7.134201
55213148626633 5.155336 2.070390 8.396415
55213177705979 5.082355 2.045863 7.328618
55213206788437 4.594220 1.859223 5.817550
55213235868394 4.661219 1.829911 6.055636
55213264944749 6.360123 2.660221 7.121040
55213294023911 5.953343 2.381457 6.028717
55213323104905 5.858826 1.994418 4.194618
55213352179978 7.422536 2.457429 4.919045
55213381262559 8.105687 2.897708 5.395815
55213410332505 8.114660 2.654837 5.532206
55213439421373 6.549754 1.163510 3.278765
55213468501877 8.868998 3.159124 2.374278
55213497581711 9.646067 1.919044 2.985644
55213526659776 8.702696 2.065604 1.928017
55213555744920 7.995018 1.470389 1.011566
55213584817674 9.366106 1.806581 0.219541
55213613899583 10.769497 2.090131 2.394019
55213642968979 10.296914 1.246062 0.244068
55213672057725 10.544571 1.192224 0.285344
55213701138657 10.852049 0.562912 0.799203
55213730215256 12.866207 0.922433 0.314058
55213759297471 13.211970 -1.149751 1.003191
55213788378586 15.418153 -0.641875 1.228714
55213817457139 16.453049 -0.059821 1.107877
55213846533616 15.702300 0.275773 1.338784
55213875612534 14.635699 0.355334 0.681954
55213904699204 13.704892 -0.412164 0.700499
55213933760361 13.916059 0.065803 0.678963
55213962855393 13.570893 -0.108275 -0.579661
55213991937669 12.400206 -0.475574 0.668794
55214021015610 10.318449 -1.339383 1.914258
55214050095445 9.447462 -0.714258 3.778865
55214079176865 7.787441 -1.007977 2.201995
55214108253708 6.993024 -0.582652 1.298106
55214137336655 6.084350 -0.492323 1.360918
55214166413193 5.609972 0.019143 1.085743
55214195489609 4.049852 -0.681356 0.464208
55214224572190 3.540181 -0.332602 -0.761516
55214253653245 3.779463 0.016152 -0.507278
55214282728623 4.235894 0.009571 -0.834497
55214311811448 4.217350 0.123829 -0.890728
55214340879441 4.499105 0.301496 -0.719043
55214369971238 4.609175 0.506082 -0.956531
55214399051011 5.105685 0.929612 -0.846461
55214428130418 5.280361 0.664008 -1.178465
55214457213120 6.361917 0.985245 -1.329811
55214486291245 8.157731 2.080559 -0.110668
55214515369797 8.992228 2.210370 0.663410
55214544449448 8.542975 1.475175 1.500300
55214573529038 9.503095 2.495116 1.235295
55214602612046 9.612567 2.266003 1.519442
55214631688706 10.151550 3.061018 3.897908
55214660768723 11.589038 5.145167 5.183452
55214689848069 11.465210 5.618946 3.999603
55214718929063 9.991829 5.273183 6.580861
55214748007981 9.899706 6.002994 6.887142
55214777070298 10.250853 7.312466 6.165108
55214806155564 10.192228 7.521240 7.717451
55214835247788 8.147561 6.644868 8.208578
55214864327134 5.590232 5.764310 6.455835
55214893405687 4.567898 5.773881 7.000203
55214922486314 3.713661 5.897111 8.498708
55214951554429 4.031906 5.535197 5.484350
55214980642930 3.071786 5.274379 7.180861
55215009726060 0.961317 4.180860 9.040084
55215038805588 1.167697 4.515256 9.313464
55215067884568 0.948156 4.584050 8.938389
55215096950364 0.266800 4.584648 8.522038
55215126045090 -0.562912 4.258626 8.252247
55215155111741 -0.737588 4.247260 9.169296
55215184189805 -1.153939 4.068397 7.963314
55215213281052 -1.836491 3.865605 7.445268
55215242351365 -2.026123 3.794419 7.832307
55215271443833 -1.448854 4.107878 8.036295
55215300524277 -0.756132 4.509274 8.789435
55215329603928 -0.069392 5.033302 8.322237
55215358680954 -0.332602 4.995615 7.264011
55215387763230 -1.377069 4.150351 8.151151
55215416847886 -0.122034 4.919643 8.373683
55215445923569 0.012562 4.962714 9.509077
55215475003159 0.623928 5.481956 9.218349
55215504082932 2.283949 6.802795 8.250452
55215533164658 2.288735 7.386045 6.971489
55215562242905 3.387040 8.337193 7.058228
55215591321091 3.836891 9.032308 6.851249
55215620402329 2.910869 8.652447 5.818148
55215649483384 3.139383 8.597412 6.174081
55215678562546 3.039483 8.588439 6.227321
55215707629319 3.157330 8.304291 5.947959
55215736711899 2.791826 7.663613 5.134399
55215765802292 2.679961 7.134201 4.897510
55215794881760 3.288935 6.912266 4.968696
55215823961533 3.802794 6.857232 4.893920
55215853041428 3.868596 6.150751 6.157331
55215882109604 4.734200 5.033901 5.310272
55215911202988 5.806184 4.094718 4.782056
55215940281479 7.801798 5.078168 6.433702
55215969351792 8.096115 4.757530 6.873981
55215998441453 6.173482 3.659822 6.656833
55216027521287 6.016753 3.102893 4.625925
55216056599473 5.583054 2.790629 5.136792
55216085680894 8.762517 4.094120 8.396415
55216114761887 5.873781 2.583052 5.810970
55216143841050 5.562116 1.347159 4.243671
55216172917283 9.119645 2.276771 6.540183
55216202000779 10.922637 3.051447 7.070193
55216231084031 10.479366 2.740978 4.084548
55216260147629 10.622338 2.540580 4.359125
55216289236253 10.517054 2.636891 4.030710
55216318305833 10.275977 2.655435 1.723431
55216347398667 10.487741 2.163112 0.898505
55216376465501 10.572687 1.796412 1.300499
55216405557969 11.044671 1.738984 2.123032
55216434627671 10.345368 1.098306 0.524028
55216463720566 10.254441 1.272982 -3.409772
55216492800522 10.478170 0.521635 -1.827518
55216521879319 11.289935 0.485743 0.519243
55216550959885 11.230115 0.621536 -1.835893
55216580041184 11.715260 1.070190 -3.519244
55216609122911 11.508879 0.663410 -3.601796
55216638200364 12.000006 0.362513 -2.419144
55216667280991 11.726625 0.339781 -3.672385
55216696360398 11.402398 0.419940 -4.347160
55216725440415 10.717453 0.087338 -2.809772
55216754517380 10.496715 0.651446 -2.341975
55216783600022 9.771091 0.674776 -3.859623
55216812668442 8.988040 0.843470 -6.229714
55216841759629 9.123235 0.604188 -4.371687
55216870840501 9.525229 0.772882 -2.951547
55216899920151 8.987442 1.135394 -4.114459
55216929000351 8.143373 0.890130 -4.335794
55216958080491 8.431110 1.394417 -4.018745
55216987144333 8.977272 2.163112 -3.544369
55217016239915 8.116454 1.999203 -2.658426
55217045314377 6.767501 1.638485 -2.939583
55217074405747 6.334998 1.788037 -2.965306
55217103480393 5.817550 1.668396 -1.665405
55217132560776 6.216553 2.618346 -1.384248
55217161640732 6.090332 3.406781 -1.554138
55217190720688 5.984449 4.245466 -1.051646
55217219797410 5.391029 4.475176 -0.555733
55217248880540 4.551747 4.902894 0.668794
55217277965562 5.145765 5.799604 0.905683
55217307044114 4.780859 7.087541 2.223531
55217336121079 3.366103 6.792027 2.329413
55217365199143 3.959523 7.862217 1.852045
55217394272141 3.880560 9.363713 2.721836
55217423348374 4.143172 9.445069 3.317649
55217452428757 1.642075 8.135597 5.181657
55217481517747 1.587040 9.823733 2.375475
55217510593186 2.133201 9.559326 5.428118
55217539668137 0.364307 8.103892 7.110871
55217568761704 -0.886541 8.100303 4.666004
55217597843308 -1.811367 7.401000 5.567500
55217626918564 -3.879364 5.971887 3.936791
55217656001877 -4.802395 5.669195 5.351548
55217685080613 -4.862814 6.288338 4.655236
55217714161790 -5.723632 6.043672 5.721837
55217743230210 -4.425526 7.008577 5.573482
55217772320969 -2.501098 7.127022 6.384649
55217801402390 -0.983450 7.683952 4.500899
55217830482895 -0.333799 8.249854 4.363312
55217859563584 1.793421 9.608379 4.075575
55217888642808 2.245664 9.305089 4.800601
55217917722764 2.225325 9.021540 4.369294
55217946799485 1.414158 7.161718 4.642076
55217975871567 5.443672 8.849257 1.889732
55218004963364 5.157729 7.672586 1.214956
55218034043382 7.321439 7.701898 2.863611
55218063124009 7.804191 7.743773 0.733400
55218092206834 7.904690 6.610173 0.548555
55218121283860 7.328019 5.453243 -0.091525
55218150363267 8.736196 5.399405 -0.567099
55218179443833 9.160921 3.966104 0.331406
55218208515000 9.887143 3.029314 1.232304
55218237607713 10.998610 2.860620 0.017946
55218266684800 10.765907 2.259423 -1.282553
55218295765061 10.934601 1.480559 -1.345963
55218324844956 10.417751 0.337388 -0.335593
55218353925034 9.322437 -1.213161 0.069392
55218383005539 9.787243 -1.761117 0.005384
55218412085069 10.974083 -0.666999 -1.762912
55218441158616 11.035100 -0.689133 -2.330609
55218470245896 10.771890 -1.502094 -1.290330
55218499326157 10.545170 -1.891526 -2.112862
55218528404465 10.477572 -2.332404 -2.053640
55218557489548 10.252048 -2.193620 -3.420540
55218586556931 9.230313 -3.227918 -2.931208
55218615633835 9.220144 -3.026322 -3.787838
55218644710923 10.449456 -1.716850 -3.227319
55218673795090 9.323035 -2.434099 -3.665206
55218702890611 6.748956 -4.078566 -5.285147
55218731967515 6.687341 -3.601198 -6.101698
55218761048081 7.119844 -2.809174 -5.382655
55218790127854 5.784649 -3.403192 -5.480162
55218819208237 5.201398 -3.723232 -6.757929
55218848272690 5.618946 -2.532803 -7.466803
55218877368394 5.702694 -1.459024 -8.179864
55218906439377 5.218746 -2.764308 -6.960721
55218935528977 4.463212 -1.744368 -8.647661
55218964609299 3.925426 -1.483550 -9.119645
55218993688707 2.179263 -2.749951 -8.837891
55219022769944 1.181456 -2.088934 -9.000004
55219051849961 1.084547 -1.563710 -8.375478
55219080931076 1.090529 -1.236491 -8.306086
55219110010178 -0.425324 -2.036292 -7.693523
55219139092759 -1.223929 -2.053042 -6.959525
55219168173936 -1.474577 -2.282753 -8.653045
55219197251389 0.587438 -1.599602 -9.613165
55219226332016 1.007977 -1.083949 -9.988838
55219255411851 2.223531 -1.118645 -8.697910
55219284492173 3.034099 -0.418744 -9.646665
55219313572190 4.072584 0.017946 -10.216755
55219342652268 5.246862 1.079163 -10.463215
55219371733567 5.633303 0.654437 -8.956335
55219400816697 6.334998 1.104886 -8.656036
55219429893296 6.442077 1.600200 -8.099705
55219458972092 7.523035 2.424528 -6.725626
55219488054185 7.539186 2.614757 -5.617749
55219517134263 7.944769 3.342175 -6.897910
55219546214707 8.446664 3.582654 -5.863612
55219575294663 9.397811 4.905286 -3.030510
55219604373032 9.050852 5.213961 -3.861418
55219633458909 9.016156 5.875576 -3.136392
55219662535813 8.583055 5.934798 -2.952145
55219691613266 8.146963 6.192027 -2.499303
55219720686936 7.129415 6.180063 -1.344766
55219749763657 6.553343 5.834300 -0.442074
55219778847703 7.892128 6.562914 1.974079
55219807927232 6.872785 6.757331 0.974477
55219837019333 4.433900 6.125626 1.421935
55219866101487 3.235694 6.191429 2.268396
55219895177964 3.000001 6.284151 3.419942
55219924259018 2.873780 6.646663 4.382455
55219953339097 2.466402 6.731608 5.348557
55219982423325 2.700899 7.018747 5.583054
55220011499924 2.529812 6.909276 6.050850
55220040579819 2.244468 6.785447 6.714260
55220069650376 1.353739 6.605985 6.708278
55220098740830 0.318245 5.714060 7.179664
55220127819565 -0.075374 5.550750 8.573483
55220156901963 -0.699302 5.578268 8.395817
55220185982224 -1.509871 5.007580 8.930613
55220215061814 -1.820340 4.872983 8.578269
55220244142320 -2.211566 4.609773 8.635697
55220273213365 -1.709074 4.715057 10.360324
55220302298325 -2.169094 4.352544 8.915059
55220331383530 -3.390630 3.859623 8.045268
55220360464402 -3.194418 4.046861 8.541181
55220389546739 -2.932404 4.060022 8.254042
55220418624741 -2.808576 4.111467 8.373085
55220447692368 -2.299503 4.276572 7.722237
55220476790330 -2.481357 3.977469 8.007581
55220505862412 -3.451048 3.034697 8.096714
55220534947312 -4.164110 2.321038 7.098309
55220564026963 -4.272385 2.677568 7.125227
55220593107407 -4.381258 1.949552 9.486943
55220622188034 -4.344170 1.517648 9.502497
55220651268296 -4.737789 1.220938 8.042875
55220680348191 -3.984648 1.247259 8.902496
55220709428879 -3.955934 0.902692 9.720243
55220738508958 -2.672185 1.542772 10.509875
55220767593552 -2.134398 1.798206 9.664611
55220796669968 -2.379662 1.532603 8.681161
55220825737229 -2.946163 0.972682 9.796216
55220854836534 -2.102095 1.346561 9.990034
55220883898484 -1.563111 1.890330 9.523434
55220912981187 -2.236691 1.230509 9.360124
55220942070297 -2.198406 1.037887 10.140782
55220971152268 -1.478764 1.075574 10.509277
55221000234910 -1.237687 0.847657 10.039087
55221029313340 -1.367498 0.688535 9.647263
55221058393967 -0.985245 0.846461 10.080363
55221087471421 -0.323031 1.050449 10.168898
55221116554978 -0.361316 0.932004 10.311870
55221145622300 -0.643071 0.897308 9.740582
55221174710801 -0.904487 1.023530 9.361320
55221203796128 -0.521635 1.432104 9.863214
55221232877488 -0.301496 1.619343 10.197014
55221261960618 -0.788435 1.392025 9.692128
55221291037827 -0.969691 1.422533 9.354740
55221320119797 -0.696910 1.565504 10.065409
55221349199021 -0.893121 1.286740 10.073783
55221378266099 -1.127618 1.141975 9.792626
55221407362107 -0.502493 1.689931 9.358928
55221436439744 -0.154337 1.862812 9.463614
55221465521165 -0.339781 1.855036 9.282955
55221494600999 -0.491725 1.758126 10.256236
55221523681626 -0.419940 2.125425 9.514461
55221552759018 -0.009571 2.259423 9.832706
55221581842515 0.156730 2.355734 9.117252
55221610910691 0.885943 2.626123 9.220144
55221640003525 1.759323 3.022733 9.590433
55221669083726 2.016551 3.126223 9.379865
55221698150132 3.088536 3.729214 8.672188
55221727245286 4.077370 3.229114 9.111869
55221756325425 4.401597 3.594618 8.330612
55221785404587 5.783453 4.463212 7.122237
55221814486558 5.959923 4.604389 7.007979
55221843564927 5.538188 4.288537 5.710471
55221872644394 6.541977 4.786243 4.096512
55221901728074 7.584650 4.826921 4.119843
55221930809556 9.072986 5.467001 4.488337
55221959892259 8.172088 4.328018 3.425924
55221988969712 8.116454 3.576073 2.791228
55222018036912 9.622138 3.577868 3.990032
55222047130662 10.049257 3.229712 3.770490
55222076203172 9.530613 2.315056 3.084348
55222105290757 10.634302 1.536192 4.289135
55222134372361 10.548759 1.311865 4.946563
55222163453904 10.853246 0.917049 6.201598
55222192533738 12.126825 1.502094 6.279963
55222221614243 11.821740 0.714856 8.174480
55222250695115 13.015759 1.563710 9.023335
55222279775437 13.186248 1.622334 8.154739
55222308842820 12.481561 0.730409 6.615556
55222337936692 11.723037 1.077967 4.647460
55222367017075 10.339387 1.986641 3.321238
55222396082871 9.902697 2.120041 3.982853
55222425178330 9.809377 2.345564 4.738387
55222454258835 10.022936 2.747559 3.290131
55222483340562 10.543973 3.403790 3.234498
55222512419907 9.977472 3.197409 3.689733
55222541490525 9.202198 3.282953 3.594020
55222570581467 7.791030 3.023331 2.712265
55222599661362 7.511070 3.434299 2.335395
55222628740159 7.119844 3.524029 1.784447
55222657826279 6.653244 3.531806 1.663012
55222686903550 5.814559 3.320041 1.251446
55222715984299 5.252246 3.114259 1.262214
55222745064683 4.493721 2.898306 0.668794
55222774145005 4.393222 3.186043 -0.273380
55222803228257 3.644269 2.955734 -0.900898
55222832306382 2.657230 2.328815 -0.408574
55222861385178 2.671587 2.319842 -0.461217
55222890468064 3.139982 2.757728 -0.327219
55222919548569 3.584448 3.128616 -0.021535
55222948629014 3.865007 3.245864 -0.203390
55222977709702 3.980460 3.406183 -0.021535
55223006791001 4.667799 3.545565 1.006182
55223035871506 5.850451 4.169494 0.961317
55223064951402 6.509076 4.395615 1.722832
55223094033311 7.083353 4.586443 3.290729
55223123100144 6.892526 4.483552 3.195615
55223152177414 7.130611 4.676772 3.085545
55223181278184 8.136793 4.953741 3.635894
55223210342087 8.053044 5.069793 4.514658
55223239432542 7.926225 5.291129 5.318646
55223268517869 8.075178 5.484350 5.462216
55223297596665 8.352746 6.028119 5.516653
55223326675461 8.084151 6.209973 6.936194
55223355758164 7.599007 5.910870 7.938787
55223384838853 6.850053 5.664410 7.678568
55223413919602 6.961319 5.860621 8.390432
55223443000290 7.829914 6.186045 8.927023
55223472067917 6.483353 5.323432 8.193025
55223501165147 5.733801 4.677370 8.483752
55223530242173 5.995217 4.773083 7.776674
55223559324448 6.147161 4.744369 7.513463
55223588403794 6.716055 5.032106 8.390432
55223617484055 6.019145 4.270590 9.051450
55223646562120 5.865407 4.034897 8.950353
55223675645798 6.342176 4.495515 7.906484
55223704718125 6.108876 4.424927 8.079366
55223733806687 5.493322 3.933800 8.617751
55223762887742 4.863412 3.602993 7.908279
55223791967637 4.671388 3.497110 7.383653
55223821049363 4.441079 4.256832 7.409375
55223850117417 4.445266 4.172484 7.094121
55223879210923 4.853841 3.751348 7.599007
55223908291489 5.299504 3.293122 7.693523
55223937359665 5.225327 2.487339 7.625926
55223966454270 5.867799 2.460420 7.493722
55223995533433 6.657431 2.696113 6.465407
55224024612168 6.754938 2.078166 6.570093
55224053698411 6.906284 1.746162 6.457630
55224082775925 6.984051 1.192224 5.918647
55224111858201 7.642077 1.291526 6.216553
55224140937485 7.948957 1.361516 7.565507
55224170001633 8.088937 0.530608 7.615756
55224199101487 8.850452 0.780060 6.897910
55224228179429 9.341579 1.153340 6.430711
55224257259446 9.184850 0.979861 7.379465
55224286324997 8.580662 0.963111 7.887940
55224315405503 8.590233 1.178465 7.179066
55224344506822 8.656634 1.189233 6.815955
55224373584153 8.438289 1.164706 7.456035
55224402656052 8.057232 1.201197 7.095915
55224431742661 7.858029 1.435095 7.022336
55224460825547 8.480164 2.303092 7.326225
55224489904404 8.346764 2.352145 7.079166
55224518987351 8.168498 2.835495 7.593623
55224548054673 6.914659 2.603391 6.821339
55224577152085 7.179066 3.461816 6.330212
55224606230088 5.602196 2.612962 7.682157
55224635314255 4.911269 2.790629 6.838089
55224664390916 5.748158 3.953541 6.541379
55224693471726 4.866403 3.430709 6.967301
55224722544846 4.159922 3.128017 6.586843
55224751633591 3.769892 4.199404 7.517651
55224780714341 2.954538 3.482155 4.797609
55224809792160 0.762114 2.483750 5.193622
55224838875962 0.666999 2.315056 9.228518
55224867955613 0.774676 2.943172 9.838090
55224897037644 0.774676 2.938386 9.876375
55224926118150 -0.517448 2.822334 8.489735
55224955199387 -0.933201 2.382653 8.722437
55224984280076 -0.803390 2.508276 9.266206
55225013358567 -0.915853 3.126821 8.880363
55225042442856 -1.377668 2.857030 9.596416
55225071522507 -2.403590 1.931008 10.296316
55225100591111 -2.299503 2.338984 8.590832
55225129685166 -2.367100 2.661417 7.291529
55225158764512 -1.914258 2.566900 7.989635
55225187846055 -2.572284 2.066801 8.294720
55225216926804 -2.848655 1.867598 8.748159
55225246007310 -3.116652 1.667797 8.046464
55225275088608 -3.044867 1.698904 8.504690
55225304169480 -2.739184 1.603789 9.532407
55225333249558 -3.336193 1.043869 9.193225
55225362329880 -4.098905 0.415155 10.060623
55225391398667 -3.250051 0.597607 10.701301
55225420496263 -3.709473 0.443270 9.285947
55225449576524 -4.125824 0.000598 9.094521
55225478641099 -4.129414 -0.144766 10.214361
55225507735459 -3.504887 0.332602 9.537193
55225536819565 -3.624528 0.382253 9.056235
55225565889939 -4.191627 0.099900 9.434301
55225594977952 -4.262215 0.065204 9.963714
55225624058640 -4.286144 0.180060 9.597611
55225653141098 -4.338786 0.128614 9.540184
55225682220505 -4.511069 -0.178863 9.653245
55225711288315 -4.535595 -0.225524 9.390633
55225740385545 -4.569095 -0.424726 9.541979
55225769453477 -4.869992 -0.536590 9.375677
55225798543809 -4.482355 0.011964 9.181859
55225827625290 -4.343571 0.176471 9.478569
55225856705613 -5.102096 -0.173480 9.050852
55225885786728 -5.245067 -0.440279 9.774680
55225914870591 -5.006383 -0.447458 10.035499
55225943951462 -4.616353 -0.172283 9.186047
55225973031602 -4.344768 -0.131605 9.370892
55226002110398 -4.359125 -0.235693 9.341579
55226031178025 -4.077370 -0.086142 9.608379
55226060269882 -3.978068 -0.066999 9.278768
55226089352769 -3.873382 0.085543 8.892925
55226118434495 -3.543770 0.190828 9.397811
55226147514939 -3.414558 0.351745 9.269197
55226176592453 -3.367300 0.395414 8.954540
55226205670700 -3.186043 0.412762 9.178269
55226234757859 -3.166901 0.378066 9.521041
55226263838425 -2.632105 0.802194 9.416355
55226292921555 -2.608177 0.982254 9.312865
55226322000291 -2.536392 1.115055 9.193823
55226351081467 -2.531008 1.358525 8.733205
55226380162400 -2.004587 1.937588 9.149555
55226409242844 -1.860420 2.051845 10.127024
55226438326340 -2.056631 2.146960 9.079565
55226467405259 -1.870589 2.327020 8.645866
55226496485886 -1.498505 2.471188 8.897711
55226525567551 -1.408176 2.426920 9.268599
55226554647935 -1.311865 2.395814 9.912268
55226583726975 -1.272982 2.413162 10.308280
55226612810166 -1.230509 2.662613 9.465408
55226641894700 -0.997209 2.957529 8.784052
55226670959275 -1.117448 2.769692 8.401798
55226700056077 -0.798605 2.944368 7.971689
55226729120957 -0.735793 3.138187 8.001599
55226758215256 -0.806381 3.299104 8.360522
55226787295640 -0.695713 3.496512 8.752945
55226816376572 -0.537787 3.886542 8.072785
55226845457810 0.498904 4.666004 8.635697
55226874528123 0.675972 4.728816 9.436694
55226903621201 0.318245 4.765904 8.780462
55226932700730 -0.039482 4.651049 8.261220
55226961785935 1.068395 5.262415 9.424132
55226990866074 1.688136 5.666802 9.237492
55227019943589 0.784846 4.939384 8.511868
55227049022873 1.132403 4.570889 9.070593
55227078105759 1.707877 4.366303 9.585648
55227107186265 1.249053 3.833900 9.427123
55227136268174 1.684547 4.500301 9.338589
55227165348923 1.975275 4.386642 10.128220
55227194429673 1.068395 3.485744 10.369895
55227223514207 1.786242 3.544967 9.746565
55227252578538 2.352743 3.828516 9.058628
55227281671006 1.872384 3.681358 9.827921
55227310754197 1.704288 3.232105 9.892527
55227339835190 2.059024 2.676372 9.366704
55227368916245 2.103291 2.363511 7.828119
55227397993577 2.240878 1.941776 8.854640
55227427078049 2.325824 1.306481 10.089935
55227456160325 2.428715 1.061815 9.338589
55227485239976 2.938984 1.037887 9.975080
55227514319260 2.646462 0.189033 10.356734
55227543399155 3.084348 0.540778 9.474381
55227572470444 3.762714 0.898505 10.503893
55227601564804 3.031706 0.545564 9.407980
55227630645554 3.215355 -0.387637 10.187443
55227659726609 2.293520 -0.290130 11.137393
55227688811265 2.015355 -0.418744 10.274780
55227717888230 1.979463 0.428315 9.527023
55227746967514 2.429911 1.284348 9.416355
55227776041184 2.212763 1.836491 9.250054
55227805128281 2.638685 2.426920 9.285348
55227834215073 3.159722 2.814558 10.124631
55227863293809 2.782254 2.825325 8.901300
55227892375351 2.204388 2.775674 7.844869
55227921455918 2.430510 3.089732 8.508878
55227950536912 2.444268 3.133401 8.127222
55227979619309 2.171487 2.904887 7.397411
55228008699021 2.017748 3.792026 7.733603
55228037777390 1.476970 4.081557 8.549556
55228066864915 1.300499 3.912863 8.267800
55228095942063 1.782653 4.250849 8.468200
55228125023728 2.192424 4.319045 8.623733
55228154104844 2.238486 4.040281 8.306684
55228183173081 1.262812 3.839882 8.983254
55228212267747 1.365105 3.766901 10.804193
55228241348252 1.110868 3.318845 10.497313
55228270428452 1.062413 3.579064 9.369097
55228299500901 1.948954 3.829713 9.399008
55228328591111 2.558526 4.041478 8.872586
55228357671617 2.538785 3.821936 9.314660
55228386753647 1.918446 3.409174 8.971889
55228415823350 1.602593 3.241677 8.509476
55228444919785 1.859821 3.321238 8.337193
55228473996812 2.374876 3.569493 8.369495
55228503077744 2.651846 3.690929 8.492725
55228532160325 2.140978 3.323631 8.535796
55228561240525 1.993221 2.818147 9.672985
55228590305466 1.735993 2.911467 9.174082
55228619402939 1.884348 3.463012 8.476574
55228648482713 1.911865 3.148955 8.712267
55228677569016 1.669592 3.183052 8.980862
55228706643723 1.365105 3.452245 8.335996
55228735711167 1.488934 3.811168 7.231110
55228764811082 1.843072 3.661019 9.069396
55228793889451 1.810170 4.105485 7.990233
55228822970444 2.254637 5.467001 5.583652
55228852051804 3.597011 3.817150 10.320244
55228881120652 3.536592 1.998605 12.535399
55228910205430 3.186641 4.257430 8.365308
55228939285691 3.326024 5.142774 7.049854
55228968379258 4.371687 4.327420 8.078169
55228997454515 5.333004 4.604987 7.020542
55229026538560 6.869195 5.827121 6.014958
55229055616623 6.671788 4.962714 6.796813
55229084700974 6.585048 4.741378 6.547361
55229113768845 6.468996 4.802993 5.298906
55229142867478 7.797611 5.367101 4.289135
55229171944626 7.113862 3.929613 5.780461
55229201012315 7.211369 3.676572 4.613960
55229230107346 9.505488 4.838287 4.891528
55229259188096 9.245867 4.458427 4.012166
55229288253159 8.811569 4.076772 3.983452
55229317350693 8.435298 4.031906 3.937390
55229346420579 8.044071 3.792026 3.951747
55229375515488 8.173882 4.046861 4.268198
55229404594346 8.331210 4.250849 3.948756
55229433675095 7.948957 3.869194 3.757330
55229462758957 7.954939 3.765705 5.082953
55229491837876 8.084151 3.754339 5.435297
55229520902512 7.893324 3.474379 5.767899
55229550000351 8.312068 3.787838 4.794619
55229579077439 8.249854 3.458825 5.522635
55229608167161 7.710871 2.862414 6.217750
55229637243943 8.029117 2.885744 5.605785
55229666328843 8.657830 2.986243 5.645865
55229695407700 8.595019 2.615355 6.129813
55229724487351 8.274979 2.547758 5.587241
55229753565476 7.831110 2.305485 5.139783
55229782650010 7.021140 2.196611 4.933402
55229811717759 6.901499 2.084148 4.880760
55229840816758 8.065009 2.560320 5.135596
55229869877610 8.384451 2.634498 5.043472
55229898974473 8.508279 2.608775 5.410172
55229928059678 8.050652 2.087140 6.201000
55229957140733 8.361120 2.508875 5.787042
55229986219773 7.611569 2.222334 4.858626
55230015299912 6.317650 2.538785 4.605586
55230044381882 8.055437 1.670788 7.428518
55230073450059 4.494917 1.200599 5.206782
55230102546738 5.973083 2.585445 6.973882
55230131608384 5.598009 3.122035 5.992226
55230160690538 5.538786 3.326024 7.491928
55230189784226 5.235496 3.789035 7.239485
55230218868272 3.717848 2.859423 7.031309
55230247949998 4.506283 4.018147 9.558728
55230277030564 4.013960 4.002594 7.905886
55230306116746 2.514258 3.643072 9.022736
55230335194016 2.190031 3.212963 6.078368
55230364265183 3.345166 4.771288 7.648059
55230393356858 3.497110 4.197011 8.912068
55230422437790 3.038286 2.717050 11.346167
55230451520432 3.381058 2.100898 13.414762
55230480600449 1.937588 4.742575 8.819346
55230509682175 1.179063 3.451048 7.688139
55230538763718 1.198206 3.602993 10.679766
55230567844040 0.421137 5.598009 8.136793
55230596922104 -0.212363 4.016353 8.586644
55230626008531 -0.435494 3.638287 9.949955
55230655088242 -0.211765 3.694518 9.801002
55230684169602 0.101097 4.054638 7.917850
55230713247422 -1.037887 3.569493 4.581059
55230742330491 -0.512064 4.361517 7.904091
55230771415940 -0.563510 4.268795 8.786445
55230800494431 -0.790828 4.640880 8.556135
55230829575486 -0.443270 3.732803 7.221539
55230858659471 0.349950 4.298706 8.280363
