# Created at Sat Jul 26 09:15:13 PDT 2025
55202744424398 0.006479 -0.047832 0.010020 -0.561491 0.001994 -0.002374 0.827477
55202777760823 0.005349 -0.048098 0.006697 -0.568915 -0.022916 -0.009039 0.822027
55202811097493 0.004369 -0.044054 0.004451 -0.577397 -0.033490 -0.031731 0.815159
55202844403843 0.005081 -0.037835 0.004730 -0.597753 -0.023403 -0.064228 0.798761
55202877740269 0.005931 -0.030714 0.006283 -0.621554 0.011698 -0.091010 0.777979
55202911076939 0.007245 -0.023022 0.009070 -0.637472 0.056069 -0.106278 0.761046
55202944317689 0.007260 -0.019602 0.011066 -0.650016 0.079593 -0.089828 0.750383
55202977654115 0.007060 -0.017099 0.014577 -0.647989 0.104803 -0.063230 0.751750
55203010990784 0.007154 -0.015169 0.016235 -0.634970 0.107628 -0.040456 0.763933
55203044289685 0.005653 -0.014396 0.013461 -0.622634 0.075536 -0.035478 0.778051
55203077626111 0.005530 -0.013562 0.011348 -0.608857 0.045516 -0.035178 0.791191
55203110962781 0.004655 -0.012901 0.010383 -0.597116 0.019971 -0.029349 0.801369
55203144349998 0.004643 -0.012303 0.010712 -0.593241 0.009871 -0.016565 0.804794
55203177686424 0.003135 -0.010477 0.011431 -0.592256 0.011722 -0.012567 0.805566
55203211023094 0.001462 -0.006540 0.013798 -0.597080 0.045921 -0.021148 0.800587
55203244385984 0.001628 -0.004827 0.015616 -0.599893 0.063155 -0.017758 0.797386
55203277722409 0.001410 -0.002387 0.015207 -0.591626 0.055007 -0.011222 0.804256
55203311059079 0.000209 -0.001222 0.014853 -0.588407 0.048331 -0.000193 0.807119
55203344359655 -0.001289 -0.003732 0.014777 -0.582907 0.039378 0.010136 0.811521
55203377696081 -0.001780 -0.003663 0.013868 -0.578831 0.022932 0.019410 0.814894
55203411032751 -0.002406 -0.003921 0.013143 -0.577836 0.007827 0.027353 0.815657
55203444301747 -0.005949 -0.005343 0.013843 -0.579569 0.007419 0.031370 0.814285
55203477638173 -0.009526 -0.005142 0.014207 -0.577950 0.011642 0.033491 0.815302
55203510851091 -0.014558 -0.006210 0.014308 -0.575264 0.014100 0.038877 0.816922
55203544324796 -0.021747 -0.009567 0.014319 -0.569955 0.015811 0.048374 0.820098
55203577661221 -0.030309 -0.010934 0.015636 -0.565488 0.016238 0.059593 0.822441
55203610997891 -0.040406 -0.011030 0.017476 -0.564071 0.014400 0.067349 0.822849
55203644340804 -0.054082 -0.007916 0.019288 -0.561379 0.018641 0.070935 0.824302
55203677677230 -0.069889 -0.004618 0.024164 -0.556038 0.027459 0.076980 0.827128
55203711013900 -0.088155 -0.001693 0.029346 -0.550041 0.033254 0.085936 0.830038
55203744338687 -0.108810 0.000441 0.033738 -0.545965 0.041920 0.092880 0.831588
55203777675113 -0.130140 0.003247 0.040239 -0.542017 0.052581 0.100614 0.832664
55203810999477 -0.153107 0.006828 0.046384 -0.535963 0.064765 0.108202 0.834770
55203844336147 -0.175133 0.009525 0.054157 -0.531767 0.081508 0.114656 0.835126
55203877672573 -0.196659 0.011364 0.061765 -0.528573 0.096018 0.121941 0.834579
55203911009243 -0.217409 0.012741 0.069298 -0.526466 0.110629 0.129496 0.832962
55203944286402 -0.237592 0.013901 0.075733 -0.523565 0.125408 0.138883 0.831182
55203977622828 -0.256182 0.015011 0.083260 -0.517333 0.138672 0.149617 0.831114
55204010959498 -0.273257 0.015508 0.090358 -0.511586 0.150519 0.161128 0.830458
55204044288340 -0.290097 0.015808 0.095672 -0.507349 0.161652 0.170685 0.829055
55204077624765 -0.303431 0.015992 0.101286 -0.505223 0.173634 0.177558 0.826483
55204110961435 -0.314837 0.016137 0.106262 -0.500846 0.183248 0.185097 0.825416
55204144298380 -0.323894 0.016453 0.109624 -0.496581 0.193561 0.190831 0.824333
55204177634806 -0.330975 0.017634 0.113383 -0.494006 0.208501 0.192121 0.821934
55204210971476 -0.335984 0.018914 0.116258 -0.492118 0.221592 0.192769 0.819486
55204244303547 -0.338343 0.019089 0.115890 -0.492734 0.227735 0.197506 0.816297
55204277639973 -0.339721 0.019153 0.116394 -0.490804 0.232808 0.201607 0.815025
55204310976643 -0.339037 0.019346 0.115866 -0.486648 0.234787 0.204896 0.816129
55204344340029 -0.336451 0.018762 0.112978 -0.481491 0.228949 0.211431 0.819174
55204377676454 -0.332113 0.017853 0.109804 -0.476487 0.220432 0.217886 0.822736
55204411013124 -0.325631 0.017356 0.105425 -0.472714 0.211854 0.220989 0.826331
55204444336285 -0.316165 0.018508 0.100388 -0.469685 0.200148 0.221574 0.830808
55204477672711 -0.305767 0.018441 0.093591 -0.468249 0.188444 0.219850 0.834804
55204511009381 -0.293615 0.018531 0.085902 -0.467357 0.176659 0.215146 0.839095
55204544263838 -0.278319 0.020032 0.077733 -0.471142 0.166814 0.208949 0.840558
55204577600264 -0.263599 0.019492 0.069065 -0.475582 0.157224 0.202428 0.841502
55204610936933 -0.248022 0.018580 0.060253 -0.478464 0.145717 0.197498 0.843109
55204644311157 -0.231184 0.016886 0.051576 -0.482470 0.134763 0.192997 0.843690
55204677647583 -0.214309 0.015419 0.042462 -0.488839 0.126180 0.186664 0.842776
55204710984253 -0.197043 0.013790 0.033232 -0.494453 0.118781 0.180017 0.842022
55204744316030 -0.180257 0.012254 0.023901 -0.496903 0.108972 0.176064 0.842742
55204777652456 -0.163027 0.009860 0.014202 -0.499756 0.100021 0.172414 0.842920
55204810989126 -0.146016 0.007508 0.004583 -0.501947 0.093899 0.169238 0.842966
55204844345692 -0.127642 0.005302 -0.004426 -0.503991 0.088031 0.167233 0.842779
55204877682117 -0.111013 0.002942 -0.015154 -0.508169 0.082738 0.164748 0.841295
55204911018787 -0.094724 0.001164 -0.026592 -0.511803 0.078221 0.160977 0.840253
55204944314658 -0.078106 -0.001038 -0.038947 -0.514380 0.077429 0.155557 0.839774
55204977651084 -0.063555 -0.002164 -0.051249 -0.516600 0.077005 0.152479 0.839014
55205010987754 -0.050227 -0.003316 -0.064200 -0.517343 0.074764 0.151710 0.838899
55205044368333 -0.038017 -0.004287 -0.078182 -0.518282 0.073590 0.150791 0.838588
55205077704759 -0.026985 -0.004679 -0.091870 -0.518250 0.072250 0.149612 0.838935
55205111041429 -0.017253 -0.004787 -0.105813 -0.518175 0.070026 0.149801 0.839137
55205144367116 -0.009520 -0.003589 -0.120165 -0.516685 0.068981 0.150903 0.839944
55205177703541 -0.002356 -0.001238 -0.133412 -0.512577 0.072180 0.149668 0.842410
55205211040211 0.003403 0.001135 -0.146888 -0.509938 0.075770 0.147419 0.844091
55205244383811 0.007007 0.002187 -0.160554 -0.508389 0.077415 0.148671 0.844657
55205277720237 0.008800 0.002791 -0.174555 -0.503925 0.075682 0.155900 0.846184
55205311056907 0.009125 0.003895 -0.188350 -0.496876 0.075443 0.163575 0.848920
55205344398022 0.007728 0.005034 -0.201589 -0.489819 0.075662 0.169069 0.851920
55205377734448 0.005661 0.005555 -0.216230 -0.483469 0.071382 0.177825 0.854132
55205411071117 0.002363 0.005969 -0.230662 -0.475113 0.066715 0.189510 0.856681
55205444362679 -0.002624 0.006764 -0.244212 -0.464593 0.061405 0.203646 0.859599
55205477699105 -0.007867 0.005935 -0.258379 -0.453056 0.051109 0.222806 0.861676
55205511035775 -0.013605 0.004064 -0.272573 -0.443252 0.038227 0.244837 0.861465
55205544254997 -0.020490 0.004413 -0.284928 -0.433955 0.034350 0.262606 0.861128
55205577591423 -0.027317 0.003673 -0.296847 -0.426195 0.032075 0.279799 0.859675
55205610928093 -0.034689 0.002092 -0.308461 -0.417488 0.026397 0.300241 0.857241
55205644336261 -0.043326 0.000514 -0.318116 -0.409341 0.024091 0.319835 0.854146
55205677672686 -0.052265 -0.000268 -0.327794 -0.400097 0.021324 0.337212 0.851913
55205711009356 -0.062200 -0.001372 -0.336874 -0.390193 0.016490 0.355616 0.849126
55205744347578 -0.073028 -0.004709 -0.345629 -0.377295 0.008887 0.383860 0.842746
55205777684004 -0.085070 -0.008670 -0.352492 -0.347108 -0.006830 0.420343 0.838321
55205811020674 -0.097695 -0.012150 -0.358124 -0.317238 -0.016165 0.452186 0.833443
55205844297315 -0.110549 -0.014565 -0.364341 -0.304304 -0.016911 0.470932 0.827850
55205877633741 -0.123977 -0.015796 -0.370315 -0.298339 -0.017055 0.482349 0.823433
55205910970411 -0.138317 -0.016137 -0.375617 -0.292600 -0.015690 0.490225 0.820865
55205944321078 -0.152876 -0.014146 -0.378447 -0.287201 -0.012745 0.494877 0.820031
55205977657503 -0.169060 -0.013393 -0.382416 -0.284672 -0.011466 0.497371 0.819422
55206010994173 -0.186025 -0.012917 -0.386328 -0.282951 -0.013928 0.499290 0.818813
55206044279093 -0.204432 -0.014821 -0.391163 -0.280289 -0.017368 0.503797 0.816900
55206077615519 -0.222466 -0.015984 -0.393310 -0.282813 -0.017951 0.507492 0.813724
55206110952189 -0.240758 -0.017306 -0.394762 -0.286151 -0.019448 0.511162 0.810218
55206144252916 -0.260256 -0.018997 -0.396626 -0.282622 -0.025431 0.515616 0.808466
55206177589342 -0.278564 -0.020110 -0.396917 -0.283737 -0.024702 0.517291 0.807027
55206210926011 -0.296498 -0.021139 -0.396799 -0.284860 -0.021927 0.516951 0.806930
55206244223323 -0.317476 -0.018266 -0.388232 -0.288984 -0.020974 0.514407 0.807114
55206277625475 -0.334275 -0.019587 -0.388361 -0.296764 -0.018649 0.509344 0.807559
55206310962145 -0.350159 -0.021399 -0.388518 -0.300378 -0.016215 0.505159 0.808903
55206344277895 -0.364353 -0.023707 -0.388999 -0.306042 -0.014224 0.503036 0.808140
55206377614321 -0.377642 -0.026647 -0.391091 -0.313336 -0.013565 0.500281 0.807066
55206410950991 -0.389521 -0.029322 -0.394555 -0.323110 -0.012551 0.497073 0.805209
55206444283722 -0.399025 -0.029174 -0.397919 -0.331272 -0.010013 0.494879 0.803277
55206477620147 -0.407963 -0.028801 -0.404797 -0.338598 -0.009488 0.493308 0.801192
55206510956817 -0.415335 -0.024863 -0.414616 -0.348979 -0.008908 0.488641 0.799602
55206544247862 -0.424072 -0.015470 -0.424530 -0.351070 -0.008369 0.487076 0.799648
55206577584288 -0.428944 -0.001891 -0.439755 -0.341079 -0.014659 0.487751 0.803461
55206610920958 -0.432652 0.017191 -0.457756 -0.332282 -0.022185 0.484812 0.808735
55206644349870 -0.438058 0.039475 -0.478651 -0.330092 -0.031926 0.473960 0.815709
55206677686296 -0.439920 0.068301 -0.498225 -0.324702 -0.037813 0.464071 0.823272
55206711022966 -0.440954 0.099836 -0.516470 -0.312386 -0.044929 0.458267 0.830896
55206744443242 -0.439929 0.127996 -0.532993 -0.292020 -0.054140 0.454714 0.839660
55206777779667 -0.439749 0.162334 -0.549002 -0.269700 -0.066649 0.450787 0.848299
55206811116337 -0.438812 0.196585 -0.563951 -0.254863 -0.078194 0.445469 0.854686
55206844452895 -0.436788 0.229218 -0.576558 -0.243495 -0.090098 0.441694 0.858777
55206877789321 -0.435810 0.262015 -0.587274 -0.225973 -0.102578 0.440879 0.862578
55206911125991 -0.435558 0.293834 -0.595377 -0.204880 -0.112078 0.440773 0.866707
55206944427936 -0.436375 0.324149 -0.600222 -0.189538 -0.118957 0.438154 0.870601
55206977764362 -0.437272 0.350531 -0.605313 -0.176901 -0.125608 0.433073 0.874858
55207011101031 -0.438932 0.371689 -0.608754 -0.164300 -0.130099 0.429153 0.878583
55207044452096 -0.440412 0.385839 -0.611390 -0.154191 -0.135482 0.426560 0.880861
55207077788522 -0.442891 0.393904 -0.614835 -0.148524 -0.140951 0.422127 0.883109
55207111125192 -0.445848 0.394931 -0.617874 -0.147337 -0.142407 0.416590 0.885700
55207144462018 -0.448624 0.388694 -0.620315 -0.151495 -0.140292 0.409519 0.888629
55207177798444 -0.451799 0.374712 -0.622897 -0.160686 -0.137448 0.405437 0.889331
55207211135114 -0.455443 0.353643 -0.624984 -0.172796 -0.132327 0.405114 0.887983
55207244464331 -0.459823 0.327196 -0.628147 -0.187224 -0.128714 0.407505 0.884488
55207277800756 -0.464231 0.297355 -0.629697 -0.203265 -0.127843 0.410533 0.879660
55207311137426 -0.469399 0.265862 -0.628889 -0.221779 -0.121353 0.411590 0.875603
55207344477163 -0.475032 0.233157 -0.625837 -0.241916 -0.111009 0.411758 0.871555
55207377813589 -0.481602 0.199768 -0.621547 -0.260023 -0.103998 0.413947 0.866153
55207411150259 -0.488750 0.166741 -0.615748 -0.279238 -0.094489 0.416209 0.860156
55207444446074 -0.492578 0.138640 -0.609602 -0.301144 -0.083384 0.414809 0.854572
55207477782500 -0.499874 0.108657 -0.603001 -0.321667 -0.075269 0.412320 0.849033
55207511119170 -0.507253 0.081113 -0.595659 -0.340279 -0.068229 0.409497 0.843722
55207544434116 -0.510617 0.059106 -0.590650 -0.358188 -0.063916 0.401848 0.840318
55207577770541 -0.519463 0.041308 -0.583198 -0.378256 -0.057615 0.382428 0.841042
55207611107211 -0.530842 0.027556 -0.574874 -0.398834 -0.047118 0.357062 0.843337
55207644414764 -0.538100 0.017589 -0.569304 -0.413161 -0.042913 0.331498 0.847092
55207677751190 -0.554635 0.009660 -0.561827 -0.426872 -0.041985 0.300539 0.851876
55207711087860 -0.573841 0.004855 -0.553446 -0.447162 -0.038969 0.257994 0.855550
55207744347561 -0.595111 0.002375 -0.545138 -0.470750 -0.029299 0.209299 0.856580
55207777683987 -0.618180 0.002764 -0.535225 -0.486016 -0.017244 0.160280 0.858954
55207811020656 -0.642155 0.005601 -0.524355 -0.495718 -0.002851 0.111489 0.861293
55207844351313 -0.667669 0.013956 -0.513885 -0.504202 0.013931 0.055268 0.861703
55207877687739 -0.689384 0.019809 -0.502742 -0.513625 0.040701 -0.002682 0.857045
55207911024409 -0.709300 0.025179 -0.491900 -0.514952 0.056492 -0.050822 0.853844
55207944370642 -0.731595 0.030587 -0.482046 -0.513614 0.067613 -0.091102 0.850488
55207977707068 -0.747841 0.033897 -0.471454 -0.514769 0.084216 -0.126524 0.843749
55208011043738 -0.760725 0.036176 -0.462011 -0.520108 0.104770 -0.165199 0.831397
55208044438362 -0.769961 0.033090 -0.453381 -0.527489 0.118591 -0.206687 0.815458
55208077774787 -0.773741 0.033207 -0.444836 -0.532059 0.125780 -0.242525 0.801420
55208111111457 -0.772792 0.032682 -0.436432 -0.532657 0.121343 -0.271562 0.792342
55208144396627 -0.768988 0.034821 -0.427610 -0.531309 0.112273 -0.301216 0.783820
55208177733053 -0.758208 0.030824 -0.419413 -0.532048 0.100249 -0.330518 0.773067
55208211069723 -0.743600 0.023683 -0.411306 -0.535251 0.081652 -0.357952 0.760729
55208244327906 -0.726744 0.012919 -0.403225 -0.540864 0.065014 -0.385422 0.744774
55208277664332 -0.706622 0.000868 -0.394486 -0.546368 0.042833 -0.410957 0.728534
55208311001002 -0.684164 -0.013338 -0.384742 -0.550959 0.016968 -0.439200 0.709408
55208344234311 -0.669321 -0.031293 -0.369181 -0.556467 -0.013436 -0.461183 0.690995
55208377570736 -0.648599 -0.046929 -0.356931 -0.564466 -0.051318 -0.469264 0.677153
55208410907406 -0.628403 -0.061463 -0.342943 -0.569144 -0.087341 -0.477011 0.664008
55208444290176 -0.613951 -0.077792 -0.324861 -0.569990 -0.118413 -0.483784 0.653486
55208477626602 -0.596532 -0.089517 -0.308498 -0.571152 -0.149537 -0.485378 0.644850
55208510963272 -0.579659 -0.100389 -0.291626 -0.573798 -0.185806 -0.481373 0.636013
55208544236878 -0.560491 -0.110078 -0.272686 -0.576828 -0.218251 -0.479376 0.624367
55208577573304 -0.544818 -0.119189 -0.255343 -0.585152 -0.253249 -0.469472 0.610785
55208610909973 -0.531029 -0.126866 -0.238342 -0.597068 -0.294293 -0.445927 0.598374
55208644485695 -0.526444 -0.120157 -0.229787 -0.610518 -0.339732 -0.403316 0.590920
55208677822121 -0.517101 -0.122771 -0.216138 -0.618684 -0.386031 -0.341180 0.593132
55208711158791 -0.506528 -0.123495 -0.203048 -0.620626 -0.420651 -0.290434 0.594579
55208744495461 -0.493977 -0.121482 -0.191607 -0.623224 -0.439932 -0.262440 0.590912
55208777643660 -0.480421 -0.119628 -0.181286 -0.623512 -0.457455 -0.236428 0.588277
55208810980330 -0.466133 -0.116962 -0.173118 -0.623163 -0.473596 -0.211275 0.585438
55208844326297 -0.451890 -0.114193 -0.167310 -0.623098 -0.485980 -0.188158 0.583239
55208877662722 -0.437310 -0.110944 -0.164063 -0.624056 -0.496891 -0.162887 0.580622
55208911016208 -0.417535 -0.116168 -0.151767 -0.623090 -0.507150 -0.131075 0.580842
55208944352878 -0.403365 -0.112792 -0.151947 -0.622594 -0.517373 -0.095493 0.579295
55208977689304 -0.388583 -0.108631 -0.153676 -0.619536 -0.526219 -0.067424 0.578552
55209011025974 -0.374025 -0.104913 -0.157047 -0.617710 -0.531447 -0.041263 0.578183
55209044294255 -0.363612 -0.103193 -0.163632 -0.617366 -0.537195 -0.012583 0.574563
55209077630681 -0.349129 -0.101793 -0.169369 -0.619400 -0.539553 0.013138 0.570135
55209110967351 -0.335251 -0.101024 -0.176297 -0.623230 -0.536783 0.036947 0.567524
55209144326691 -0.321565 -0.101621 -0.182954 -0.625650 -0.536766 0.074249 0.561188
55209177663116 -0.306080 -0.102940 -0.190480 -0.621478 -0.546282 0.122571 0.548013
55209210999786 -0.290967 -0.103876 -0.198415 -0.618023 -0.548614 0.163562 0.538811
55209244395726 -0.277465 -0.103483 -0.206769 -0.616702 -0.545256 0.205469 0.529298
55209277732152 -0.260127 -0.106736 -0.213751 -0.609925 -0.551984 0.258080 0.506656
55209310930303 -0.242405 -0.108921 -0.221013 -0.599314 -0.558564 0.304474 0.485928
55209344445789 -0.225688 -0.107550 -0.230071 -0.595057 -0.558985 0.329458 0.474237
55209377782215 -0.209246 -0.107696 -0.238677 -0.598980 -0.556461 0.336227 0.467466
55209411118884 -0.192574 -0.108029 -0.247408 -0.602312 -0.558255 0.341479 0.457124
55209444495438 -0.176448 -0.107756 -0.257023 -0.600719 -0.562336 0.348154 0.449115
55209477831864 -0.164649 -0.107150 -0.268067 -0.601972 -0.561708 0.344434 0.451086
55209511168534 -0.155409 -0.106850 -0.279865 -0.608058 -0.559624 0.330388 0.455994
55209544548936 -0.146775 -0.106199 -0.294676 -0.610791 -0.561278 0.320075 0.457661
55209577885362 -0.143102 -0.107079 -0.309144 -0.606895 -0.563469 0.319518 0.460531
55209611222032 -0.144222 -0.107994 -0.326018 -0.602952 -0.561362 0.317670 0.469476
55209644667953 -0.150318 -0.105295 -0.345680 -0.605347 -0.552946 0.294568 0.490953
55209678004378 -0.160618 -0.102372 -0.368497 -0.608058 -0.540027 0.259129 0.521046
55209711341048 -0.174627 -0.097727 -0.393277 -0.605461 -0.524478 0.222686 0.555653
55209744631975 -0.193957 -0.094036 -0.415572 -0.601910 -0.508458 0.183143 0.587906
55209777968401 -0.212710 -0.087882 -0.442183 -0.597105 -0.490101 0.142193 0.618909
55209811305071 -0.233633 -0.081033 -0.469233 -0.587743 -0.471872 0.107470 0.648340
55209844595884 -0.255242 -0.076701 -0.495298 -0.577854 -0.455811 0.082409 0.671959
55209877932310 -0.278720 -0.070653 -0.522961 -0.570443 -0.439554 0.057213 0.691458
55209911268980 -0.303911 -0.063815 -0.550674 -0.565577 -0.415859 0.027438 0.711640
55209944530480 -0.326698 -0.059052 -0.575889 -0.560234 -0.389876 -0.005395 0.730826
55209977866905 -0.353020 -0.051195 -0.602894 -0.554306 -0.365666 -0.037330 0.746753
55210011203575 -0.380333 -0.043503 -0.629133 -0.552145 -0.336658 -0.071519 0.759396
55210044543884 -0.408533 -0.035309 -0.655200 -0.549785 -0.310892 -0.102595 0.768477
55210077880310 -0.437718 -0.027960 -0.680714 -0.547039 -0.286418 -0.127447 0.776189
55210111216980 -0.468112 -0.020726 -0.706314 -0.543396 -0.262576 -0.144430 0.784165
55210144569778 -0.496105 -0.014739 -0.733484 -0.539979 -0.236675 -0.161781 0.791350
55210177906204 -0.527272 -0.008234 -0.759548 -0.539272 -0.207420 -0.178068 0.796526
55210211242873 -0.559621 -0.002091 -0.785566 -0.536852 -0.181451 -0.185484 0.802783
55210244584131 -0.590957 0.000583 -0.808350 -0.535328 -0.154434 -0.188311 0.808773
55210277920557 -0.625373 0.006043 -0.832889 -0.533753 -0.124855 -0.187334 0.815123
55210311257227 -0.660824 0.010972 -0.856223 -0.533504 -0.093825 -0.182434 0.820541
55210344598679 -0.694349 0.011022 -0.879630 -0.537622 -0.063067 -0.173208 0.822790
55210377935105 -0.731343 0.013797 -0.900793 -0.541299 -0.037131 -0.157279 0.825155
55210411271775 -0.769676 0.015859 -0.920374 -0.543487 -0.014227 -0.131063 0.829001
55210444608702 -0.808943 0.018136 -0.938609 -0.543728 0.001999 -0.094049 0.833973
55210477945127 -0.847621 0.018306 -0.955393 -0.543635 0.020427 -0.058083 0.837060
55210511281797 -0.884822 0.018589 -0.970786 -0.544295 0.044030 -0.027617 0.837282
55210544599547 -0.918873 0.020862 -0.983697 -0.540398 0.065945 0.001889 0.838819
55210577935973 -0.952741 0.021346 -0.997200 -0.534896 0.086207 0.030333 0.839961
55210611272643 -0.985349 0.021501 -1.009638 -0.530441 0.109986 0.055404 0.838729
55210644728015 -1.016368 0.020610 -1.023130 -0.526559 0.133664 0.078593 0.835878
55210678064441 -1.047274 0.019177 -1.033893 -0.522198 0.156227 0.101534 0.832222
55210711366813 -1.078964 0.017503 -1.045927 -0.519146 0.181807 0.120975 0.826316
55210744612978 -1.109459 0.015046 -1.054042 -0.515727 0.210172 0.140173 0.818661
55210778039908 -1.140204 0.011632 -1.060070 -0.508438 0.237115 0.163661 0.811469
55210811376578 -1.170052 0.007452 -1.063613 -0.498243 0.263589 0.190353 0.803767
55210844622254 -1.197751 0.002229 -1.064617 -0.486143 0.291155 0.217569 0.794706
55210877958680 -1.223495 -0.002264 -1.063960 -0.477280 0.317655 0.242794 0.782528
55210911295350 -1.246824 -0.006039 -1.061828 -0.470245 0.343763 0.264271 0.768673
55210944632020 -1.269905 -0.007800 -1.058385 -0.463929 0.372076 0.281718 0.752970
55210977944794 -1.288562 -0.009677 -1.052262 -0.456118 0.399871 0.298645 0.736798
55211011281463 -1.304399 -0.011379 -1.043924 -0.445380 0.425665 0.316070 0.721489
55211044640257 -1.313841 -0.013277 -1.030807 -0.434588 0.451023 0.333211 0.704757
55211077976683 -1.322363 -0.014737 -1.018766 -0.424325 0.474419 0.349474 0.687563
55211111313353 -1.327266 -0.015456 -1.004966 -0.412929 0.497355 0.363949 0.670573
55211144633893 -1.328439 -0.015981 -0.989528 -0.398614 0.521610 0.377078 0.653331
55211177970319 -1.326856 -0.016487 -0.972904 -0.383936 0.540567 0.390898 0.638419
55211211190728 -1.322426 -0.016828 -0.955935 -0.374611 0.556130 0.403664 0.622448
55211244643659 -1.313974 -0.015328 -0.938318 -0.367908 0.576093 0.411609 0.602776
55211277964136 -1.302710 -0.013232 -0.920727 -0.355633 0.596617 0.418232 0.585368
55211311300806 -1.287594 -0.011437 -0.903422 -0.338126 0.614259 0.425427 0.572161
55211344660457 -1.270914 -0.010672 -0.887721 -0.322047 0.630188 0.431659 0.559303
55211377996883 -1.251513 -0.009916 -0.874109 -0.312796 0.644144 0.437264 0.544093
55211411333553 -1.230451 -0.009952 -0.862700 -0.304929 0.655154 0.442952 0.530645
55211444648016 -1.209325 -0.010534 -0.853675 -0.297408 0.664963 0.447688 0.518601
55211477984442 -1.184895 -0.011892 -0.846239 -0.291511 0.674427 0.452344 0.505524
55211507151464 -1.162427 -0.014051 -0.841121 -0.285313 0.681098 0.457132 0.495713
55211540477785 -1.133494 -0.017133 -0.835804 -0.276226 0.686531 0.463728 0.487166
55211573814210 -1.104734 -0.020968 -0.833271 -0.263334 0.691427 0.470697 0.480655
55211607150880 -1.074941 -0.024914 -0.832611 -0.250572 0.694571 0.478454 0.475254
55211640496210 -1.044328 -0.029402 -0.833796 -0.241829 0.695331 0.488171 0.468746
55211673832636 -1.014607 -0.031432 -0.836484 -0.229632 0.697537 0.496580 0.462730
55211707169306 -0.985999 -0.031767 -0.841183 -0.219229 0.701586 0.499849 0.458112
55211740616948 -0.960041 -0.031844 -0.847482 -0.225979 0.703322 0.504998 0.446373
55211773953374 -0.934990 -0.031868 -0.856020 -0.242684 0.702290 0.514073 0.428512
55211807290043 -0.910538 -0.029081 -0.866809 -0.269118 0.707506 0.516902 0.399778
55211840731126 -0.887891 -0.024552 -0.879862 -0.291908 0.713343 0.512952 0.377903
55211874067552 -0.867008 -0.019957 -0.894477 -0.313981 0.718314 0.505009 0.361119
55211907404222 -0.848099 -0.014984 -0.911524 -0.345168 0.723241 0.493569 0.337891
55211940687184 -0.831854 -0.011049 -0.930858 -0.373257 0.722301 0.479975 0.329522
55211973898235 -0.819016 -0.010428 -0.950725 -0.395038 0.710824 0.470613 0.342342
55212007360280 -0.806048 -0.010678 -0.972666 -0.421026 0.701381 0.460826 0.344153
55212040759556 -0.795313 -0.012303 -0.995328 -0.455442 0.693085 0.444698 0.338305
55212074095981 -0.786121 -0.015641 -1.020782 -0.486452 0.675191 0.429826 0.350331
55212107432651 -0.778141 -0.021790 -1.046921 -0.512856 0.649810 0.418444 0.373672
55212140785608 -0.768382 -0.028901 -1.073965 -0.539652 0.623497 0.409883 0.389901
55212178291682 -0.758540 -0.040689 -1.102197 -0.558808 0.583218 0.412151 0.421570
55212211628352 -0.748710 -0.053470 -1.126500 -0.566379 0.539398 0.423754 0.456834
55212245077764 -0.735170 -0.061238 -1.153765 -0.581708 0.497813 0.432429 0.476238
55212278414190 -0.722084 -0.074312 -1.176671 -0.603936 0.463313 0.435872 0.480227
55212311750860 -0.708574 -0.087480 -1.198146 -0.624519 0.429150 0.438836 0.482938
55212345175300 -0.693971 -0.096528 -1.217608 -0.638690 0.404914 0.439158 0.485036
55212378511725 -0.679762 -0.108783 -1.236326 -0.648477 0.379850 0.439680 0.491807
55212411848395 -0.664860 -0.121523 -1.253987 -0.662197 0.351308 0.441596 0.493022
55212445018885 -0.648781 -0.134887 -1.271410 -0.672985 0.328401 0.445502 0.490685
55212478355311 -0.633988 -0.143869 -1.284829 -0.676452 0.312165 0.446702 0.495402
55212511691981 -0.620243 -0.151838 -1.295408 -0.675163 0.303560 0.447967 0.501329
55212545115884 -0.608178 -0.163964 -1.301788 -0.678859 0.294645 0.450568 0.499324
55212578452310 -0.596283 -0.174453 -1.308083 -0.685031 0.286134 0.453878 0.492803
55212611788979 -0.585369 -0.185818 -1.312891 -0.683770 0.276147 0.462391 0.492338
55212645216530 -0.576658 -0.196572 -1.318459 -0.684694 0.263493 0.470173 0.490614
55212678552956 -0.567267 -0.206720 -1.322757 -0.684323 0.252990 0.476266 0.490783
55212711889626 -0.558563 -0.214181 -1.326261 -0.675868 0.248805 0.484261 0.496779
55212745239081 -0.548956 -0.218576 -1.332685 -0.662291 0.247789 0.492924 0.506948
55212778575507 -0.541141 -0.219321 -1.335895 -0.647955 0.254600 0.496193 0.518773
55212811912177 -0.534011 -0.217022 -1.337545 -0.619525 0.268023 0.505086 0.537811
55212845048970 -0.528004 -0.214336 -1.337767 -0.583395 0.281914 0.514064 0.562061
55212878385395 -0.522480 -0.209050 -1.337756 -0.548212 0.296105 0.521616 0.582840
55212911722065 -0.517790 -0.203500 -1.336904 -0.514411 0.307470 0.530215 0.599764
55212945135587 -0.514405 -0.196372 -1.338712 -0.488180 0.314689 0.536251 0.612442
55212978472013 -0.512976 -0.187791 -1.337631 -0.466459 0.321839 0.537482 0.624459
55213011808683 -0.513157 -0.177384 -1.335790 -0.440781 0.327693 0.537179 0.640131
55213045415594 -0.514061 -0.166134 -1.332153 -0.409135 0.328160 0.538436 0.659550
55213074582372 -0.516037 -0.155952 -1.329170 -0.381850 0.328800 0.539344 0.674677
55213107919042 -0.518607 -0.144557 -1.324819 -0.352000 0.329627 0.541939 0.688290
55213141310310 -0.521111 -0.134375 -1.319439 -0.318207 0.326042 0.548863 0.700850
55213174646735 -0.523904 -0.125019 -1.313519 -0.281446 0.321807 0.556047 0.712770
55213207983405 -0.526740 -0.116223 -1.306794 -0.250885 0.320514 0.561179 0.720698
55213241351559 -0.528909 -0.108975 -1.298934 -0.222136 0.316467 0.569860 0.725096
55213274687985 -0.531691 -0.103998 -1.290474 -0.193771 0.313250 0.579301 0.727143
55213312194303 -0.534961 -0.098985 -1.279777 -0.165391 0.313139 0.586506 0.728423
55213345511282 -0.537530 -0.096638 -1.270040 -0.130348 0.306524 0.595281 0.731227
55213378847708 -0.540684 -0.095648 -1.260294 -0.093847 0.295585 0.605868 0.732630
55213412184377 -0.544110 -0.094356 -1.249833 -0.067352 0.288131 0.614629 0.731215
55213445458603 -0.548026 -0.089371 -1.237325 -0.042080 0.286431 0.621744 0.727750
55213478795029 -0.551626 -0.089730 -1.225853 -0.002628 0.279929 0.631857 0.722765
55213512131699 -0.556279 -0.090247 -1.214544 0.040126 0.274517 0.637554 0.718718
55213545517710 -0.562590 -0.090789 -1.204006 0.070198 0.277535 0.644311 0.709161
55213578854136 -0.568794 -0.092951 -1.193024 0.094438 0.282140 0.655898 0.693741
55213612190806 -0.576405 -0.096017 -1.183107 0.120357 0.284670 0.667889 0.677054
55213645601157 -0.583640 -0.098097 -1.172162 0.152227 0.290968 0.671295 0.664476
55213678937582 -0.594116 -0.099331 -1.162595 0.174445 0.297310 0.674891 0.652456
55213712274252 -0.606227 -0.099708 -1.153763 0.187355 0.303538 0.680247 0.640333
55213745633544 -0.619417 -0.097669 -1.145550 0.197275 0.309028 0.683711 0.630971
55213778969970 -0.634553 -0.092354 -1.138527 0.206850 0.313329 0.685230 0.624097
55213812306640 -0.650237 -0.081903 -1.132939 0.213827 0.317798 0.688066 0.616318
55213845669781 -0.668065 -0.063093 -1.128074 0.221804 0.320815 0.686394 0.613795
55213879006207 -0.687360 -0.038952 -1.123804 0.242280 0.321493 0.675772 0.617474
55213912342877 -0.708022 -0.009534 -1.119906 0.263099 0.322584 0.663093 0.622114
55213945474282 -0.729788 0.023097 -1.112327 0.274491 0.325274 0.653711 0.625710
55213978810707 -0.751734 0.061208 -1.109076 0.287278 0.323586 0.638904 0.636054
55214012147377 -0.773793 0.102784 -1.106704 0.304598 0.312750 0.617844 0.653970
55214045454263 -0.794652 0.144668 -1.105618 0.320313 0.299462 0.597908 0.670990
55214078790689 -0.809709 0.186741 -1.102318 0.330464 0.292437 0.581425 0.683534
55214112127359 -0.820699 0.226299 -1.098250 0.341961 0.285795 0.565177 0.694232
55214145404376 -0.829817 0.263517 -1.087328 0.356743 0.276024 0.548108 0.704360
55214178740802 -0.834607 0.294653 -1.081850 0.365055 0.269358 0.534127 0.713365
55214212077471 -0.836822 0.319933 -1.075984 0.365429 0.268139 0.524463 0.720764
55214245240347 -0.840293 0.336246 -1.075444 0.367100 0.265562 0.516198 0.726811
55214278576773 -0.840443 0.347808 -1.070877 0.367811 0.262050 0.509233 0.732616
55214311913443 -0.839692 0.352988 -1.066801 0.360932 0.262158 0.506792 0.737674
55214345154229 -0.840961 0.349227 -1.073476 0.350503 0.265040 0.507033 0.741498
55214378490655 -0.838687 0.342297 -1.070920 0.339214 0.270177 0.508853 0.743644
55214411827325 -0.835778 0.329855 -1.068706 0.321944 0.279451 0.515433 0.743362
55214444933988 -0.839295 0.316084 -1.074780 0.302769 0.289449 0.525804 0.740325
55214478270413 -0.836211 0.294797 -1.074408 0.287897 0.294639 0.536649 0.736418
55214511607083 -0.832671 0.271233 -1.074108 0.270083 0.299551 0.546720 0.733772
55214545028281 -0.824287 0.249809 -1.067842 0.240024 0.310818 0.556527 0.732160
55214578364707 -0.817802 0.224475 -1.065876 0.206848 0.324587 0.566953 0.728300
55214611701377 -0.810576 0.199098 -1.063676 0.174403 0.335177 0.574654 0.725957
55214645065011 -0.799713 0.174020 -1.056366 0.135746 0.344172 0.583399 0.723025
55214678401437 -0.790559 0.151781 -1.051363 0.090440 0.361483 0.589919 0.716342
55214711738107 -0.782251 0.133657 -1.044747 0.047012 0.380579 0.587853 0.712305
55214745138518 -0.771216 0.117193 -1.035164 0.007917 0.399761 0.581715 0.708334
55214778474943 -0.764646 0.106361 -1.024392 -0.025474 0.421492 0.572240 0.703020
55214811811613 -0.760779 0.100013 -1.012509 -0.059808 0.441032 0.556672 0.701448
55214845245663 -0.760778 0.100580 -1.000639 -0.101499 0.464258 0.531666 0.701066
55214878582089 -0.760529 0.102111 -0.986804 -0.144362 0.488807 0.502696 0.698229
55214911918759 -0.761631 0.103983 -0.972262 -0.180461 0.505532 0.475254 0.697141
55214945207846 -0.758850 0.104273 -0.960798 -0.206205 0.516463 0.446861 0.700757
55214978544272 -0.761568 0.106397 -0.945310 -0.231336 0.519937 0.421461 0.706059
55215011880941 -0.764812 0.107874 -0.929537 -0.264115 0.521678 0.399221 0.706200
55215045155871 -0.764558 0.100923 -0.909071 -0.288613 0.526396 0.379920 0.703755
55215078492297 -0.764991 0.102533 -0.889417 -0.303896 0.532168 0.361130 0.702873
55215111828967 -0.764391 0.104240 -0.868284 -0.324631 0.542894 0.344352 0.693760
55215145230260 -0.764152 0.103434 -0.850246 -0.350967 0.557029 0.330177 0.676405
55215178566686 -0.761918 0.104331 -0.826165 -0.371529 0.571052 0.317389 0.659644
55215211903356 -0.758894 0.104643 -0.800790 -0.383138 0.581651 0.306593 0.648759
55215245031739 -0.755247 0.102108 -0.773842 -0.392306 0.591356 0.302096 0.636500
55215278368164 -0.751173 0.100054 -0.745409 -0.399396 0.601445 0.303273 0.621911
55215311704834 -0.746608 0.097592 -0.716569 -0.400292 0.608473 0.305521 0.613339
55215345113569 -0.741993 0.093677 -0.692370 -0.395850 0.612813 0.306000 0.611660
55215378449995 -0.737434 0.090329 -0.665297 -0.393804 0.614031 0.308574 0.610464
55215411786665 -0.732893 0.086205 -0.638369 -0.391147 0.615028 0.315655 0.607541
55215445201980 -0.728967 0.080608 -0.611283 -0.386197 0.615812 0.325425 0.604753
55215478538406 -0.724360 0.076995 -0.585906 -0.372562 0.617925 0.335456 0.605669
55215511875076 -0.720145 0.074431 -0.562167 -0.350137 0.622761 0.344266 0.609142
55215545225274 -0.718583 0.072133 -0.543464 -0.329489 0.628808 0.352205 0.609909
55215578561699 -0.719697 0.070465 -0.525213 -0.310834 0.634086 0.359688 0.609870
55215611898369 -0.724911 0.069841 -0.510230 -0.295618 0.638205 0.362885 0.611244
55215645254980 -0.734602 0.067872 -0.496006 -0.281919 0.640019 0.364879 0.614623
55215678591406 -0.748240 0.068089 -0.485520 -0.268896 0.639750 0.366091 0.619993
55215711928076 -0.765670 0.068943 -0.476891 -0.255993 0.638206 0.365261 0.627491
55215745196496 -0.787302 0.070846 -0.467900 -0.243040 0.633593 0.362896 0.638591
55215778532922 -0.811267 0.071189 -0.462169 -0.226811 0.624831 0.361729 0.653679
55215811869591 -0.837663 0.070412 -0.457714 -0.206275 0.611283 0.362518 0.672580
55215845172321 -0.867034 0.068695 -0.455711 -0.182155 0.591359 0.365356 0.695435
55215878508747 -0.896132 0.066239 -0.454194 -0.154684 0.569970 0.369916 0.717195
55215911845417 -0.924675 0.062608 -0.454388 -0.129060 0.549048 0.380770 0.732737
55215945155507 -0.952482 0.057396 -0.455785 -0.108469 0.525308 0.400168 0.743069
55215978491933 -0.977854 0.053167 -0.461608 -0.093151 0.500229 0.417475 0.752867
55216011828603 -1.000312 0.049862 -0.469316 -0.077077 0.476266 0.430951 0.762568
55216045034465 -1.019946 0.045438 -0.479513 -0.061662 0.451562 0.448598 0.768798
55216078369256 -1.037603 0.038728 -0.488810 -0.049841 0.425725 0.474604 0.768782
55216111707560 -1.051787 0.033275 -0.497599 -0.039497 0.409694 0.494376 0.765626
55216144943753 -1.062710 0.028234 -0.506861 -0.018336 0.395457 0.514873 0.760384
55216178280179 -1.071303 0.019950 -0.514569 0.013662 0.374402 0.543625 0.751072
55216211616849 -1.076577 0.013091 -0.521641 0.043317 0.359223 0.569811 0.737833
55216245016985 -1.079690 0.007716 -0.527084 0.070392 0.346537 0.589894 0.725935
55216278462453 -1.081938 0.005561 -0.533492 0.101106 0.329285 0.605869 0.717128
55216311690081 -1.083114 0.005370 -0.538806 0.137750 0.311476 0.614729 0.711418
55216345014372 -1.084040 0.006509 -0.543333 0.172544 0.290215 0.619626 0.708567
55216378350797 -1.085600 0.008639 -0.547736 0.206137 0.263008 0.621106 0.708915
55216411687467 -1.086629 0.011892 -0.550910 0.238064 0.237231 0.619947 0.709022
55216445018680 -1.086950 0.015851 -0.553076 0.261189 0.220122 0.618508 0.707654
55216478355106 -1.086809 0.020948 -0.553894 0.288318 0.197275 0.614131 0.707672
55216511691776 -1.087471 0.026978 -0.555421 0.323490 0.162470 0.604825 0.709327
55216545034827 -1.086189 0.031323 -0.554089 0.346124 0.139320 0.600998 0.706816
55216578371253 -1.083323 0.039560 -0.551106 0.347275 0.130888 0.604444 0.704923
55216611751588 -1.081027 0.050695 -0.547569 0.335712 0.126192 0.609239 0.707249
55216645088258 -1.077960 0.063986 -0.542839 0.320169 0.122646 0.613670 0.711237
55216678424684 -1.074021 0.079887 -0.537223 0.304078 0.122509 0.617513 0.714986
55216711761354 -1.070101 0.098517 -0.532130 0.295249 0.115143 0.616699 0.720592
55216745024709 -1.064583 0.119101 -0.527024 0.288580 0.103261 0.615107 0.726431
55216778361135 -1.059501 0.140973 -0.522095 0.285532 0.093674 0.613984 0.729877
55216811697805 -1.054483 0.163679 -0.517603 0.293502 0.081550 0.609589 0.731852
55216845128376 -1.051710 0.187065 -0.515333 0.306090 0.059423 0.601663 0.735377
55216878464801 -1.048030 0.210868 -0.513582 0.305508 0.041618 0.596492 0.741033
55216911801471 -1.043830 0.234866 -0.511154 0.292719 0.034811 0.592302 0.749854
55216945313974 -1.038935 0.256680 -0.506987 0.277807 0.029987 0.586336 0.760351
55216978650400 -1.034623 0.279786 -0.505564 0.264465 0.024643 0.577914 0.771665
55217011987070 -1.030326 0.302757 -0.504130 0.240459 0.025342 0.565187 0.788733
55217045201739 -1.022501 0.324892 -0.501232 0.201615 0.035693 0.547043 0.811678
55217078538165 -1.017137 0.344664 -0.500419 0.165221 0.045087 0.523362 0.834722
55217111874835 -1.011055 0.361164 -0.501145 0.131380 0.051416 0.495597 0.857018
55217145083827 -1.005469 0.376780 -0.501858 0.090944 0.063882 0.466678 0.877416
55217178420252 -0.997512 0.386514 -0.504339 0.047579 0.079561 0.433384 0.896429
55217211756922 -0.989020 0.393318 -0.508175 0.008343 0.092907 0.395478 0.913726
55217245130390 -0.983020 0.394593 -0.514753 -0.027352 0.101803 0.355361 0.928766
55217278466816 -0.973884 0.394831 -0.520582 -0.065679 0.111837 0.318008 0.939175
55217311803486 -0.964166 0.392954 -0.526964 -0.098075 0.116034 0.280461 0.947765
55217345195729 -0.952476 0.385969 -0.531549 -0.124231 0.117239 0.243415 0.954762
55217378532155 -0.942630 0.380713 -0.538083 -0.150975 0.118128 0.211274 0.958444
55217411868824 -0.932499 0.375288 -0.546031 -0.170402 0.106311 0.178197 0.963279
55217445173849 -0.922143 0.367640 -0.554159 -0.186196 0.085054 0.140635 0.968668
55217478510275 -0.911239 0.363122 -0.562454 -0.208046 0.074202 0.102844 0.969863
55217511846945 -0.900613 0.358938 -0.571899 -0.226031 0.050942 0.067918 0.970413
55217545093824 -0.888084 0.359152 -0.583088 -0.241376 0.028884 0.029932 0.969540
55217578430250 -0.877132 0.356889 -0.590250 -0.253371 0.014205 -0.010271 0.967210
55217611766920 -0.867253 0.354199 -0.596715 -0.260253 -0.009678 -0.049586 0.964218
55217645153478 -0.842248 0.343486 -0.588085 -0.266797 -0.037724 -0.084211 0.959325
55217678489903 -0.838113 0.337404 -0.593252 -0.273843 -0.067004 -0.105139 0.953659
55217711826573 -0.838102 0.329941 -0.598155 -0.282177 -0.089474 -0.115306 0.948196
55217745202323 -0.838717 0.318898 -0.590070 -0.281937 -0.117230 -0.105276 0.946407
55217778538749 -0.846895 0.310024 -0.594065 -0.272108 -0.149642 -0.079539 0.947227
55217811875419 -0.857149 0.300927 -0.597371 -0.254183 -0.177101 -0.046812 0.949650
55217845219811 -0.867300 0.288402 -0.604689 -0.236355 -0.199250 -0.008424 0.950981
55217878556237 -0.878798 0.278468 -0.608951 -0.220774 -0.213680 0.033689 0.951033
55217911892907 -0.889945 0.269479 -0.612951 -0.208255 -0.217151 0.074317 0.950764
55217945186181 -0.899435 0.259519 -0.612184 -0.192903 -0.213934 0.120351 0.950019
55217978522606 -0.912611 0.250126 -0.613900 -0.170761 -0.205611 0.177820 0.947072
55218011801257 -0.922962 0.240819 -0.614703 -0.143102 -0.201337 0.235490 0.939963
55218045137927 -0.934108 0.231868 -0.615683 -0.130880 -0.182001 0.289834 0.930453
55218078474353 -0.944099 0.224105 -0.615677 -0.118309 -0.159920 0.341558 0.918568
55218111811023 -0.952864 0.217053 -0.615666 -0.095433 -0.146849 0.393547 0.902468
55218145198361 -0.961590 0.212201 -0.614723 -0.078319 -0.132223 0.444482 0.882507
55218178534787 -0.968402 0.205251 -0.615144 -0.072461 -0.115443 0.493157 0.859196
55218211871456 -0.974056 0.198423 -0.615075 -0.068097 -0.099603 0.541549 0.831966
55218245156519 -0.979404 0.195068 -0.611061 -0.048207 -0.087879 0.590327 0.800917
55218278492945 -0.983388 0.190599 -0.609298 -0.023192 -0.080550 0.633518 0.769174
55218311829615 -0.986985 0.187527 -0.608135 -0.009748 -0.075440 0.670237 0.738239
55218345096154 -0.988677 0.183697 -0.608728 -0.001556 -0.071177 0.701228 0.709374
55218378432580 -0.991074 0.181417 -0.606520 0.011234 -0.065595 0.731655 0.678418
55218411769250 -0.992676 0.179120 -0.603073 0.022001 -0.057666 0.760589 0.646294
55218445056889 -0.991359 0.171861 -0.608530 0.030977 -0.054016 0.782528 0.619494
55218478393314 -0.995461 0.171683 -0.606699 0.040244 -0.058080 0.797869 0.598675
55218511729984 -1.001239 0.172662 -0.605016 0.050471 -0.065903 0.808362 0.582805
55218545145009 -1.007318 0.173655 -0.603655 0.067048 -0.077892 0.815087 0.570150
55218578481435 -1.015923 0.176783 -0.602674 0.093760 -0.095774 0.817041 0.560786
55218611818105 -1.025534 0.180729 -0.602130 0.119362 -0.118225 0.815436 0.553932
55218645339500 -1.036805 0.189266 -0.598753 0.144837 -0.142674 0.810394 0.549479
55218678675926 -1.049507 0.194946 -0.596821 0.160313 -0.163808 0.798234 0.557036
55218712012596 -1.062788 0.200750 -0.594086 0.170600 -0.182277 0.782525 0.570372
55218745288015 -1.081827 0.201686 -0.596455 0.198917 -0.207987 0.767066 0.573396
55218778624440 -1.093043 0.206326 -0.596190 0.233739 -0.239259 0.750075 0.570533
55218811961110 -1.103105 0.209904 -0.595749 0.270716 -0.269761 0.733707 0.561797
55218845250507 -1.112340 0.212648 -0.596747 0.300675 -0.301645 0.719661 0.548354
55218878586933 -1.119769 0.214898 -0.597062 0.332035 -0.333906 0.704061 0.531562
55218911935522 -1.128860 0.216694 -0.598117 0.369913 -0.363266 0.683658 0.513629
55218945272192 -1.136378 0.217939 -0.596381 0.385731 -0.384878 0.666375 0.508944
55218978608618 -1.143951 0.219224 -0.594053 0.397366 -0.403167 0.647641 0.510017
55219011945287 -1.150985 0.220451 -0.592124 0.419452 -0.420836 0.627747 0.502883
55219045303287 -1.156440 0.221409 -0.591414 0.446567 -0.437649 0.609204 0.487762
55219078639713 -1.161596 0.220866 -0.591028 -0.473060 0.451867 -0.593565 -0.468733
55219111976383 -1.166639 0.218751 -0.590710 -0.494776 0.459887 -0.580665 -0.454455
55219145370755 -1.171735 0.216584 -0.596799 -0.500498 0.461329 -0.576359 -0.452204
55219178707181 -1.174872 0.209872 -0.599533 -0.487379 0.456108 -0.585149 -0.460465
55219212070879 -1.177386 0.202580 -0.605226 0.462758 -0.449185 0.599728 0.473725
55219245407549 -1.179648 0.194866 -0.610692 0.432892 -0.441184 0.613734 0.491214
55219278743974 -1.182070 0.186759 -0.616789 0.389429 -0.430594 0.628749 0.517309
55219312080644 -1.184881 0.178700 -0.623167 0.334986 -0.416980 0.640911 0.550586
55219345213058 -1.186689 0.171517 -0.626916 0.291522 -0.407543 0.645440 0.576481
55219378549484 -1.190704 0.166085 -0.634782 0.255070 -0.403141 0.642439 0.599740
55219411886154 -1.195009 0.161655 -0.643043 0.206263 -0.397952 0.634079 0.630106
55219445236537 -1.201435 0.158152 -0.651110 0.162870 -0.394894 0.621268 0.656931
55219478572963 -1.205928 0.155243 -0.660150 0.131873 -0.395016 0.605927 0.677809
55219511909633 -1.211089 0.152589 -0.668611 0.099511 -0.391086 0.587529 0.701398
55219545204454 -1.216796 0.151752 -0.677677 0.059280 -0.386282 0.563495 0.727836
55219578540879 -1.221582 0.151345 -0.686336 0.017351 -0.382918 0.534163 0.753487
55219611877549 -1.227132 0.152144 -0.693787 -0.016855 -0.375219 0.502307 0.778854
55219645210858 -1.232383 0.158799 -0.701892 -0.045050 -0.367286 0.466903 0.803165
55219678547284 -1.237650 0.162818 -0.708746 -0.075007 -0.357132 0.425496 0.828120
55219711883954 -1.241764 0.167802 -0.715831 -0.106196 -0.346716 0.378444 0.851640
55219745190129 -1.245356 0.158515 -0.719913 -0.135137 -0.338619 0.329636 0.870870
55219778391458 -1.246881 0.161926 -0.726935 -0.164864 -0.330056 0.282341 0.885531
55219811863224 -1.247094 0.165359 -0.732255 -0.188448 -0.321343 0.235144 0.897738
55219845192215 -1.244834 0.168353 -0.736740 -0.211243 -0.314490 0.186944 0.906380
55219878528641 -1.242489 0.168601 -0.741029 -0.236812 -0.305571 0.142794 0.911129
55219911865311 -1.240071 0.166215 -0.745206 -0.258322 -0.303371 0.107750 0.910838
55219945224020 -1.233732 0.165087 -0.746856 -0.277980 -0.303587 0.078615 0.907954
55219978560446 -1.232204 0.159889 -0.749147 -0.297036 -0.303296 0.052939 0.903869
55220011998981 -1.222445 0.154969 -0.730812 -0.317122 -0.301755 0.026983 0.898693
55220045335651 -1.221459 0.148974 -0.730377 -0.336850 -0.298785 -0.000212 0.892894
55220078672076 -1.221114 0.142925 -0.728702 -0.354343 -0.294539 -0.027730 0.887085
55220112008746 -1.221688 0.136321 -0.726417 -0.373441 -0.288044 -0.055778 0.880035
55220145486686 -1.217514 0.130153 -0.709239 -0.391181 -0.279258 -0.081818 0.873097
55220178823112 -1.221602 0.123610 -0.704335 -0.406974 -0.266151 -0.107623 0.867152
55220212030753 -1.219159 0.118930 -0.695564 -0.420128 -0.250924 -0.132779 0.861916
55220245367423 -1.227372 0.112895 -0.689342 -0.431775 -0.235681 -0.154040 0.856911
55220278703849 -1.237719 0.107109 -0.682710 -0.443245 -0.217850 -0.173531 0.852034
55220312040519 -1.249596 0.102574 -0.675026 -0.451326 -0.194403 -0.197124 0.848325
55220345377189 -1.263015 0.098209 -0.666930 -0.459486 -0.168256 -0.222133 0.843338
55220378658590 -1.275058 0.090335 -0.656304 -0.463952 -0.155077 -0.236026 0.839638
55220411995260 -1.290732 0.085544 -0.648017 -0.467362 -0.146356 -0.247389 0.836033
55220445396483 -1.307220 0.082905 -0.638644 -0.471694 -0.132337 -0.262449 0.831332
55220478732909 -1.322508 0.077632 -0.630283 -0.477709 -0.116443 -0.283051 0.823479
55220512069579 -1.336924 0.071576 -0.621893 -0.483861 -0.102012 -0.307220 0.813073
55220545398298 -1.351910 0.064993 -0.612669 -0.490928 -0.082902 -0.331612 0.801343
55220577343369 -1.366253 0.057248 -0.604426 -0.501893 -0.063497 -0.352405 0.787326
55220610680038 -1.380873 0.048918 -0.595571 -0.513631 -0.052388 -0.366595 0.773981
55220644058915 -1.396500 0.039154 -0.585326 -0.520985 -0.049625 -0.373089 0.766105
55220677395341 -1.410421 0.031665 -0.574333 -0.530776 -0.051466 -0.371642 0.759941
55220710732011 -1.423715 0.024042 -0.562456 -0.542383 -0.061391 -0.362604 0.755361
55220744064963 -1.434155 0.017398 -0.551848 -0.552083 -0.073358 -0.349129 0.753613
55220777401389 -1.444363 0.011153 -0.537250 -0.557847 -0.083826 -0.338467 0.753140
55220810738059 -1.452642 0.004624 -0.521607 -0.564554 -0.092725 -0.332301 0.749838
55220844212281 -1.459883 0.000537 -0.504431 -0.572846 -0.100887 -0.324575 0.745869
55220877548706 -1.466040 -0.005461 -0.486789 -0.578359 -0.112571 -0.312296 0.745185
55220910885376 -1.470527 -0.011476 -0.468378 -0.584112 -0.121232 -0.306066 0.741916
55220944181392 -1.474590 -0.016861 -0.447861 -0.591826 -0.124914 -0.303668 0.736155
55220977517818 -1.477374 -0.022137 -0.427889 -0.597591 -0.133345 -0.296480 0.732942
55221010854488 -1.478959 -0.026724 -0.406874 -0.601212 -0.144451 -0.288515 0.731052
55221044180212 -1.478961 -0.030496 -0.384210 -0.605730 -0.152222 -0.282828 0.727962
55221077450383 -1.479061 -0.034672 -0.361069 -0.610659 -0.161031 -0.274542 0.725115
55221110729632 -1.477923 -0.038511 -0.336871 -0.614123 -0.171799 -0.265570 0.723056
55221144008881 -1.475569 -0.041904 -0.311619 -0.616296 -0.178996 -0.261916 0.720791
55221177225553 -1.473225 -0.046102 -0.284737 -0.619109 -0.182714 -0.262377 0.717271
55221210562223 -1.469493 -0.049707 -0.258426 -0.623010 -0.187825 -0.262167 0.712635
55221243921008 -1.464725 -0.053123 -0.231354 -0.625098 -0.197527 -0.261821 0.708297
55221277314855 -1.458511 -0.056019 -0.204893 -0.626099 -0.206869 -0.266513 0.702977
55221310708946 -1.451630 -0.059147 -0.178884 -0.628242 -0.217651 -0.271398 0.695904
55221344103037 -1.443952 -0.062194 -0.153491 -0.629573 -0.234901 -0.273155 0.688364
55221377473311 -1.436098 -0.063721 -0.128471 -0.629143 -0.253631 -0.275711 0.681053
55221410840899 -1.427779 -0.065934 -0.104610 -0.628185 -0.272145 -0.278541 0.673599
55221444142108 -1.418829 -0.069303 -0.080567 -0.626690 -0.293078 -0.281191 0.665054
55221477353327 -1.408798 -0.072058 -0.058974 -0.624141 -0.324319 -0.276778 0.654721
55221510815204 -1.398253 -0.074843 -0.038755 -0.621812 -0.356611 -0.269013 0.643281
55221544289395 -1.387434 -0.077581 -0.021923 -0.620965 -0.380420 -0.263847 0.632509
55221577625821 -1.376635 -0.080073 -0.006087 -0.619791 -0.403491 -0.254256 0.623224
55221610962491 -1.365550 -0.082983 0.007407 -0.619390 -0.427057 -0.238587 0.614048
55221644303777 -1.354520 -0.088112 0.020891 -0.619778 -0.452164 -0.217124 0.603556
55221677640202 -1.342225 -0.091371 0.030032 -0.619260 -0.477730 -0.190598 0.593264
55221710976872 -1.328981 -0.094736 0.036830 -0.617394 -0.507533 -0.151586 0.581599
55221744280444 -1.314673 -0.099427 0.037503 -0.612486 -0.538700 -0.102002 0.569437
55221777616870 -1.300550 -0.102294 0.040160 -0.607369 -0.559902 -0.053264 0.561049
55221810953540 -1.285518 -0.104934 0.040960 -0.601837 -0.576221 -0.006759 0.552916
55221844243342 -1.270191 -0.107549 0.040961 -0.595606 -0.586948 0.033192 0.547398
55221877579768 -1.253376 -0.110787 0.037760 -0.590841 -0.591574 0.072399 0.543787
55221910916438 -1.234563 -0.115025 0.033050 -0.587979 -0.593396 0.110316 0.538509
55221944246338 -1.213458 -0.118011 0.026380 -0.586793 -0.592534 0.139074 0.534075
55221977582763 -1.190567 -0.120950 0.018490 -0.588118 -0.589202 0.153488 0.532352
55222010919433 -1.165863 -0.124394 0.009795 -0.591515 -0.586552 0.167087 0.527399
55222044268376 -1.141442 -0.126684 -0.001547 -0.592062 -0.588517 0.185483 0.518368
55222077604802 -1.114463 -0.128207 -0.011084 -0.593240 -0.591320 0.195982 0.509900
55222110941472 -1.087003 -0.128803 -0.020284 -0.594971 -0.596069 0.204886 0.498732
55222144483393 -1.058739 -0.129332 -0.025354 -0.598806 -0.600716 0.205006 0.488410
55222177819819 -1.033948 -0.125986 -0.033351 -0.605283 -0.603521 0.198318 0.479650
55222211156488 -1.011579 -0.119155 -0.041284 -0.608459 -0.608779 0.191389 0.471736
55222244582975 -0.994841 -0.105017 -0.051466 -0.613245 -0.610383 0.178344 0.468569
55222277919401 -0.980352 -0.087969 -0.061003 -0.613445 -0.609089 0.168478 0.473615
55222311256071 -0.969160 -0.064785 -0.071071 -0.603044 -0.610463 0.169089 0.484853
55222344440805 -0.955594 -0.040804 -0.078479 -0.588092 -0.613037 0.173397 0.498264
55222377698003 -0.947428 -0.010721 -0.085466 -0.574641 -0.617763 0.171926 0.508526
55222411113901 -0.939232 0.020724 -0.091033 -0.566098 -0.621948 0.165875 0.514975
55222444567976 -0.929457 0.049388 -0.093300 -0.556191 -0.625696 0.166166 0.521100
55222477904401 -0.922302 0.083119 -0.096674 -0.540228 -0.633590 0.179307 0.523990
55222511241071 -0.914902 0.118391 -0.098790 -0.520548 -0.646094 0.192941 0.523799
55222544560343 -0.907195 0.154407 -0.098345 -0.502527 -0.656624 0.195445 0.527363
55222577896769 -0.901712 0.191349 -0.098750 -0.486403 -0.665150 0.191921 0.533060
55222611233439 -0.896945 0.227102 -0.098412 -0.469861 -0.675089 0.194689 0.534398
55222644654690 -0.887585 0.261600 -0.097344 -0.453087 -0.686312 0.202446 0.531699
55222677991116 -0.883204 0.293632 -0.095854 -0.437591 -0.697493 0.210402 0.527019
55222711327786 -0.879196 0.322666 -0.094036 -0.422286 -0.708697 0.219957 0.520617
55222744717419 -0.879796 0.347892 -0.091564 -0.407525 -0.718451 0.230217 0.514540
55222778053844 -0.876868 0.368288 -0.089528 -0.395730 -0.725439 0.238442 0.510177
55222811390514 -0.873258 0.383569 -0.087358 -0.385997 -0.731825 0.243091 0.506306
55222844897875 -0.869779 0.393286 -0.083663 -0.379632 -0.736811 0.242280 0.504271
55222878910102 -0.864547 0.395566 -0.081385 -0.378096 -0.739085 0.239503 0.503423
55222912763561 -0.858713 0.391059 -0.079253 -0.377946 -0.739944 0.236794 0.503556
55222946250340 -0.847067 0.383732 -0.078341 -0.379513 -0.738842 0.231267 0.506554
55222979812033 -0.840046 0.368096 -0.076531 -0.384646 -0.735301 0.220925 0.512418
55223013294463 -0.832705 0.347425 -0.074879 -0.393614 -0.729781 0.209586 0.518229
55223046691342 -0.827232 0.324025 -0.074102 -0.403456 -0.723423 0.202243 0.522475
55223080063104 -0.820645 0.296898 -0.072532 -0.414084 -0.717441 0.194282 0.525422
55223113435110 -0.815323 0.268206 -0.071044 -0.427909 -0.708256 0.179113 0.532152
55223146774503 -0.814950 0.244604 -0.071905 -0.442638 -0.696375 0.161548 0.541328
55223180075593 -0.812512 0.214275 -0.070726 -0.456218 -0.685929 0.150854 0.546451
55223213381344 -0.810955 0.184213 -0.069434 -0.469278 -0.676122 0.139169 0.550699
55223246595749 -0.811033 0.153513 -0.069366 -0.482793 -0.665334 0.124569 0.555629
55223279755494 -0.812016 0.125366 -0.069240 -0.495310 -0.653935 0.111957 0.560806
55223312853646 -0.813690 0.098895 -0.069948 -0.506539 -0.644137 0.100734 0.564232
55223345845923 -0.812940 0.072526 -0.070637 -0.516351 -0.636266 0.088400 0.566332
55223378718564 -0.816534 0.050940 -0.074720 -0.526320 -0.625823 0.072398 0.571044
55223411441055 -0.817220 0.029627 -0.077434 -0.535945 -0.614821 0.059594 0.575505
55223444442033 -0.823492 0.012394 -0.086043 -0.541047 -0.607276 0.056783 0.579017
55223477778459 -0.831111 -0.001677 -0.097186 -0.544538 -0.596717 0.046023 0.587613
55223511115129 -0.840160 -0.013864 -0.110560 -0.549618 -0.582681 0.032838 0.597766
55223544464737 -0.851937 -0.024649 -0.124565 -0.550458 -0.573271 0.034265 0.605956
55223577801162 -0.863416 -0.034527 -0.141323 -0.551425 -0.566084 0.040159 0.611446
55223611132362 -0.874599 -0.041962 -0.158805 -0.555645 -0.555152 0.037560 0.617781
55223644469032 -0.888461 -0.048144 -0.178504 -0.560114 -0.541523 0.032119 0.626094
55223677805458 -0.904081 -0.052692 -0.199447 -0.560995 -0.529988 0.035515 0.634930
55223711142128 -0.920361 -0.055840 -0.221396 -0.559931 -0.521511 0.041275 0.642495
55223744487209 -0.937196 -0.055107 -0.244013 -0.560329 -0.510250 0.039981 0.651213
55223777823635 -0.955975 -0.055953 -0.267991 -0.560392 -0.496625 0.037427 0.661758
55223811160304 -0.976061 -0.056993 -0.292816 -0.558767 -0.485691 0.041431 0.670945
55223844639488 -0.997391 -0.057443 -0.318789 -0.557133 -0.474873 0.045806 0.679706
55223877975914 -1.019245 -0.059278 -0.346240 -0.557664 -0.462804 0.047270 0.687451
55223911312584 -1.041893 -0.061276 -0.374411 -0.557491 -0.453176 0.051054 0.693707
55223944627497 -1.064277 -0.066229 -0.402844 -0.556672 -0.444767 0.055841 0.699415
55223977963923 -1.088790 -0.068642 -0.430032 -0.555847 -0.435783 0.062630 0.705128
55224011300593 -1.113415 -0.071235 -0.455850 -0.553232 -0.428978 0.071322 0.710511
55224044581817 -1.137718 -0.076849 -0.481712 -0.553618 -0.421073 0.075834 0.714460
55224077918242 -1.161054 -0.080422 -0.503458 -0.555691 -0.411302 0.080066 0.718072
55224111254912 -1.183392 -0.084942 -0.522314 -0.558020 -0.403931 0.088549 0.719453
55224144609912 -1.204326 -0.089041 -0.536729 -0.563231 -0.396124 0.095537 0.718839
55224177946338 -1.224728 -0.093056 -0.549051 -0.567463 -0.386477 0.102747 0.719767
55224211283008 -1.244208 -0.096233 -0.557489 -0.568334 -0.378711 0.115330 0.721300
55224244510404 -1.269861 -0.103191 -0.573147 -0.569492 -0.375200 0.126833 0.720289
55224277846830 -1.285541 -0.104196 -0.574976 -0.575624 -0.370399 0.128879 0.717532
55224311183500 -1.300037 -0.103520 -0.573525 -0.580973 -0.365174 0.128626 0.715943
55224344578347 -1.313222 -0.101487 -0.570066 -0.581827 -0.364185 0.132295 0.715084
55224377914772 -1.324372 -0.098521 -0.563022 -0.582703 -0.364700 0.133600 0.713864
55224411251442 -1.334234 -0.094361 -0.553359 -0.584285 -0.364801 0.130599 0.713075
55224444509440 -1.343446 -0.089403 -0.541397 -0.585059 -0.367718 0.126755 0.711633
55224477845866 -1.350736 -0.083363 -0.527489 -0.581526 -0.376896 0.123215 0.710349
55224511182536 -1.356414 -0.075722 -0.512014 -0.575687 -0.389054 0.111589 0.710471
55224544553368 -1.359847 -0.066830 -0.494654 -0.569570 -0.401551 0.088556 0.711691
55224577889794 -1.362950 -0.057153 -0.476398 -0.561603 -0.416027 0.059244 0.712751
55224611226463 -1.364719 -0.047235 -0.456979 -0.548952 -0.438109 0.028032 0.711285
55224644578280 -1.366609 -0.037483 -0.436129 -0.533575 -0.461183 -0.001029 0.708948
55224677914706 -1.368364 -0.028689 -0.414203 -0.519540 -0.483313 -0.034827 0.703757
55224711251376 -1.369525 -0.020442 -0.390950 -0.503059 -0.505987 -0.074920 0.696632
55224744637289 -1.369674 -0.012902 -0.365918 -0.487214 -0.521862 -0.123524 0.689220
55224777973715 -1.370785 -0.006879 -0.339981 -0.468460 -0.528788 -0.184372 0.683326
55224811328093 -1.373780 -0.002724 -0.314268 -0.448097 -0.540778 -0.244082 0.668724
55224844664763 -1.374748 -0.003341 -0.287115 -0.433721 -0.551131 -0.298096 0.647517
55224878001188 -1.377737 -0.004598 -0.259667 -0.415954 -0.565264 -0.338056 0.627039
55224911337858 -1.382446 -0.005391 -0.231535 -0.391947 -0.582948 -0.369646 0.608203
55224944603166 -1.387286 -0.005984 -0.203873 -0.366650 -0.598417 -0.399155 0.590034
55224977939592 -1.394657 -0.008041 -0.176282 -0.342529 -0.609419 -0.426383 0.574004
55225011276262 -1.403494 -0.010593 -0.149100 -0.318597 -0.620051 -0.449519 0.558539
55225044520266 -1.412020 -0.014989 -0.121992 -0.294847 -0.630109 -0.473336 0.540353
55225077856692 -1.422833 -0.017569 -0.095196 -0.270206 -0.640499 -0.494912 0.521356
55225111193362 -1.435170 -0.019679 -0.069568 -0.244375 -0.647647 -0.512647 0.507963
55225144382707 -1.446461 -0.024794 -0.042186 -0.220797 -0.657201 -0.526364 0.492216
55225177719132 -1.459278 -0.029626 -0.017645 -0.200150 -0.667113 -0.540723 0.471719
55225211055802 -1.472675 -0.035544 0.006409 -0.178345 -0.669997 -0.560196 0.453296
55225244390940 -1.486488 -0.041468 0.032257 -0.157690 -0.674445 -0.576282 0.433770
55225277727366 -1.500928 -0.048892 0.054507 -0.140446 -0.683266 -0.588048 0.409416
55225311064036 -1.515783 -0.056921 0.075905 -0.123354 -0.688228 -0.602068 0.385538
55225344341423 -1.529981 -0.066235 0.097111 -0.103225 -0.689440 -0.618174 0.363150
55225379069204 -1.546600 -0.074222 0.117061 -0.085022 -0.692508 -0.631250 0.338713
55225412405873 -1.563452 -0.080522 0.134639 -0.067393 -0.698040 -0.638863 0.316311
55225445722381 -1.580934 -0.086021 0.151284 -0.048548 -0.700797 -0.647159 0.296164
55225479058807 -1.598124 -0.091471 0.165617 -0.033037 -0.702702 -0.654644 0.276694
55225512395477 -1.615362 -0.095945 0.178094 -0.020946 -0.707981 -0.657277 0.257510
55225545741161 -1.632550 -0.098835 0.188814 -0.009057 -0.712616 -0.659688 0.238555
55225579077587 -1.649236 -0.102786 0.198669 0.002310 -0.714975 -0.663471 0.220481
55225612360706 -1.665036 -0.106049 0.206926 0.011420 -0.718295 -0.665366 0.203003
55225645751895 -1.681383 -0.107754 0.214378 0.020617 -0.721153 -0.666407 0.188186
55225679088320 -1.694981 -0.109457 0.219707 0.028813 -0.723330 -0.667434 0.174626
55225712424990 -1.707010 -0.110424 0.223327 0.034892 -0.725987 -0.667305 0.162572
55225745759808 -1.716824 -0.111161 0.225069 0.039297 -0.727865 -0.667331 0.152768
55225779096234 -1.725139 -0.111014 0.224907 0.040589 -0.730432 -0.666178 0.145010
55225812432904 -1.731175 -0.110545 0.222772 0.037295 -0.734658 -0.663260 0.137743
55225845781523 -1.736483 -0.109904 0.219502 0.035175 -0.737720 -0.661193 0.131738
55225879117949 -1.737843 -0.109011 0.214132 0.035496 -0.736730 -0.662541 0.130416
55225912365627 -1.736157 -0.107470 0.206602 0.032758 -0.736916 -0.662376 0.130923
55225945855694 -1.732897 -0.105346 0.197774 0.028341 -0.738512 -0.659917 0.135300
55225979192119 -1.726050 -0.102592 0.185883 0.022742 -0.739394 -0.657895 0.141258
55226012528789 -1.717036 -0.099617 0.171990 0.017058 -0.738638 -0.656930 0.150218
55226045891494 -1.705786 -0.096171 0.155900 0.009982 -0.737723 -0.655479 0.161285
55226079227920 -1.693233 -0.092571 0.137913 0.001589 -0.737401 -0.652732 0.173718
55226112564590 -1.679161 -0.089184 0.118007 -0.008234 -0.735828 -0.650506 0.187964
55226145901260 -1.664007 -0.085833 0.096286 -0.018922 -0.734325 -0.647447 0.203030
55226179216703 -1.647080 -0.082916 0.073015 -0.030058 -0.732625 -0.643793 0.218834
55226212553372 -1.630416 -0.079962 0.047934 -0.041873 -0.730081 -0.640296 0.235053
55226245938137 -1.614460 -0.076633 0.022178 -0.054877 -0.727410 -0.635948 0.251861
55226279274563 -1.597463 -0.073685 -0.006219 -0.068946 -0.725396 -0.630106 0.268353
55226312611233 -1.580714 -0.070816 -0.035760 -0.082200 -0.722474 -0.624532 0.285016
55226345967924 -1.564610 -0.067692 -0.066670 -0.095758 -0.719023 -0.618648 0.301845
55226379304350 -1.548336 -0.065529 -0.098060 -0.111116 -0.715300 -0.612824 0.316933
55226412641020 -1.532384 -0.063558 -0.129657 -0.126183 -0.709759 -0.608562 0.331621
55226446017327 -1.516607 -0.062384 -0.161130 -0.139162 -0.703915 -0.603150 0.348349
55226479353752 -1.501259 -0.060394 -0.192571 -0.153439 -0.698529 -0.596443 0.364374
55226512690422 -1.486007 -0.059041 -0.223619 -0.168892 -0.691986 -0.590802 0.378925
55226546027293 -1.471089 -0.057555 -0.254436 -0.185253 -0.684037 -0.586552 0.392087
55226579363719 -1.456753 -0.056110 -0.284411 -0.202080 -0.675603 -0.582177 0.404715
55226612700389 -1.443045 -0.053898 -0.313697 -0.218197 -0.668688 -0.574840 0.418097
55226646071958 -1.429382 -0.051849 -0.341911 -0.233230 -0.662519 -0.565549 0.432235
55226679408384 -1.415679 -0.050112 -0.369533 -0.247343 -0.655711 -0.556274 0.446569
55226712745054 -1.401685 -0.049503 -0.396406 -0.262276 -0.649877 -0.545418 0.459773
55226746118181 -1.387190 -0.050676 -0.422142 -0.277865 -0.644706 -0.534337 0.470775
55226779454606 -1.372110 -0.052560 -0.447182 -0.293439 -0.638303 -0.524345 0.481171
55226812791276 -1.356298 -0.054973 -0.471348 -0.307874 -0.632700 -0.512940 0.491729
55226846148581 -1.339197 -0.057608 -0.494533 -0.323161 -0.628404 -0.500059 0.500615
55226879485007 -1.320607 -0.060965 -0.515699 -0.335925 -0.624115 -0.489215 0.508236
55226912821677 -1.300480 -0.063907 -0.534814 -0.344214 -0.617817 -0.482008 0.517192
55226946135005 -1.278616 -0.066715 -0.553483 -0.352466 -0.613905 -0.473310 0.524278
55226979471431 -1.254671 -0.069707 -0.569675 -0.360563 -0.613280 -0.461968 0.529592
55227012808100 -1.228574 -0.071893 -0.583296 -0.365052 -0.613896 -0.452588 0.533885
55227046265961 -1.200607 -0.073831 -0.594535 -0.370251 -0.613752 -0.446068 0.535953
55227079602387 -1.171069 -0.075569 -0.604460 -0.376189 -0.613475 -0.440064 0.537097
55227112939057 -1.140753 -0.076616 -0.612358 -0.381060 -0.616068 -0.433031 0.536411
55227146075909 -1.108960 -0.079173 -0.618432 -0.387812 -0.617920 -0.426401 0.534751
55227179412335 -1.077196 -0.078939 -0.622797 -0.393571 -0.620743 -0.422866 0.530060
55227212749005 -1.045170 -0.077358 -0.625915 -0.397898 -0.624730 -0.418305 0.525748
55227246109812 -1.013708 -0.074500 -0.628046 -0.401292 -0.630042 -0.410901 0.522658
55227279446237 -0.981684 -0.071346 -0.628574 -0.402963 -0.634900 -0.407593 0.518065
55227312782907 -0.949658 -0.067437 -0.627959 -0.402800 -0.639360 -0.406272 0.513726
55227346119577 -0.918259 -0.062723 -0.626588 -0.401521 -0.646085 -0.401733 0.509869
55227379520932 -0.888013 -0.057020 -0.624771 -0.401105 -0.655865 -0.395477 0.502547
55227412857602 -0.858788 -0.053680 -0.621489 -0.403041 -0.666897 -0.390819 0.489966
55227446200631 -0.830763 -0.050624 -0.617461 -0.403162 -0.678392 -0.387099 0.476863
55227479537057 -0.806711 -0.047657 -0.613491 -0.403336 -0.690641 -0.380658 0.464149
55227512873727 -0.785991 -0.044773 -0.609484 -0.402244 -0.705485 -0.371150 0.450264
55227546248639 -0.770164 -0.042511 -0.605807 -0.400726 -0.718480 -0.361969 0.438388
55227579585064 -0.757878 -0.039841 -0.602925 -0.399273 -0.729816 -0.356160 0.425558
55227612921734 -0.749740 -0.036971 -0.600689 -0.395275 -0.737085 -0.359047 0.414184
55227646272428 -0.744925 -0.034339 -0.599806 -0.392398 -0.738236 -0.371311 0.403931
55227679608854 -0.746717 -0.032102 -0.601310 -0.389231 -0.733699 -0.384258 0.403151
55227712945524 -0.753024 -0.029899 -0.605195 -0.384748 -0.737182 -0.383093 0.402208
55227746365673 -0.762600 -0.028163 -0.611741 -0.381794 -0.744569 -0.374103 0.399872
55227779702099 -0.775622 -0.027231 -0.619350 -0.377624 -0.748834 -0.370245 0.399458
55227813038768 -0.791128 -0.026778 -0.628321 -0.373281 -0.748128 -0.373635 0.401699
55227846313230 -0.810438 -0.027611 -0.637358 -0.367243 -0.750145 -0.375551 0.401717
55227879649656 -0.830456 -0.026396 -0.647603 -0.357576 -0.753618 -0.377989 0.401652
55227912986326 -0.852071 -0.026084 -0.658211 -0.349369 -0.754626 -0.385377 0.399957
55227946400751 -0.876045 -0.026419 -0.667956 -0.342027 -0.756540 -0.392329 0.395907
55227979737177 -0.900538 -0.027597 -0.678796 -0.333553 -0.760908 -0.397643 0.389412
55228013073847 -0.926140 -0.030319 -0.689547 -0.327121 -0.763618 -0.406841 0.379948
55228046378114 -0.952069 -0.033687 -0.700165 -0.321223 -0.763186 -0.420688 0.370655
55228079714539 -0.978053 -0.037598 -0.711248 -0.316044 -0.764327 -0.430604 0.361248
55228113051209 -1.003942 -0.041885 -0.722415 -0.312659 -0.767335 -0.437068 0.349876
55228146365579 -1.029310 -0.046807 -0.733615 -0.308111 -0.769214 -0.445831 0.338544
55228179702005 -1.055305 -0.051347 -0.743769 -0.302090 -0.767977 -0.460769 0.326565
55228213038675 -1.081161 -0.055853 -0.753982 -0.298708 -0.765477 -0.476465 0.312730
55228246330870 -1.108023 -0.058685 -0.765162 -0.295739 -0.766407 -0.484496 0.300703
55228279667296 -1.134020 -0.060374 -0.777058 -0.293276 -0.767721 -0.488723 0.292819
55228313003966 -1.159685 -0.061615 -0.789163 -0.293821 -0.770670 -0.488465 0.284849
55228346410687 -1.184835 -0.061959 -0.800897 -0.293859 -0.774730 -0.487503 0.275284
55228379747112 -1.210541 -0.062287 -0.811481 -0.288767 -0.774184 -0.494649 0.269398
55228413083782 -1.236388 -0.062340 -0.821693 -0.281249 -0.771942 -0.503773 0.266865
55228446423744 -1.261519 -0.062414 -0.830939 -0.277276 -0.772861 -0.507022 0.262168
55228479760170 -1.287256 -0.063565 -0.840305 -0.276242 -0.776720 -0.505569 0.254553
55228513096840 -1.313253 -0.065120 -0.848611 -0.273037 -0.778165 -0.508241 0.248195
55228546444133 -1.339274 -0.066627 -0.855389 -0.266003 -0.775404 -0.517825 0.244639
55228579780559 -1.366013 -0.068493 -0.862251 -0.259107 -0.773610 -0.525479 0.241376
55228613117228 -1.393297 -0.070002 -0.869089 -0.253570 -0.774373 -0.528205 0.238847
55228646484799 -1.421451 -0.072494 -0.876050 -0.249980 -0.775404 -0.531082 0.232832
55228679821225 -1.449265 -0.074838 -0.881551 -0.246401 -0.776861 -0.534203 0.224499
55228713157895 -1.477154 -0.077431 -0.886693 -0.242272 -0.777097 -0.538909 0.216799
55228746498118 -1.504542 -0.080944 -0.891458 -0.241210 -0.778023 -0.543352 0.203140
55228779834544 -1.531417 -0.085716 -0.894408 -0.243277 -0.779459 -0.548246 0.180792
55228813171214 -1.557715 -0.090728 -0.896146 -0.244471 -0.779172 -0.555488 0.156712
55228846509380 -1.581261 -0.098009 -0.895362 -0.257031 -0.782868 -0.556261 0.107828
55228879845805 -1.605439 -0.104678 -0.892325 -0.279466 -0.796239 -0.535018 0.040717
55228913182475 -1.628455 -0.108287 -0.891064 -0.301743 -0.805834 -0.509480 -0.003569
55228946579674 -1.649102 -0.111565 -0.889777 -0.323926 -0.810163 -0.486955 -0.039778
55228979916100 -1.667254 -0.115957 -0.887048 -0.343575 -0.809696 -0.470413 -0.071142
55229013252770 -1.683024 -0.120108 -0.883850 -0.363635 -0.808305 -0.453103 -0.095446
55229046483528 -1.697634 -0.124532 -0.879484 -0.386097 -0.807858 -0.427189 -0.125719
55229079819954 -1.709933 -0.127248 -0.873371 -0.404009 -0.805959 -0.406032 -0.149481
55229113156624 -1.719865 -0.129514 -0.867022 -0.415474 -0.801580 -0.400538 -0.156268
55229146421788 -1.729611 -0.133213 -0.861413 -0.428701 -0.796290 -0.395235 -0.161018
55229179758213 -1.736241 -0.135635 -0.852652 -0.446611 -0.792587 -0.377023 -0.173777
55229213094883 -1.741026 -0.138228 -0.843934 -0.465778 -0.787533 -0.361125 -0.180087
55229246445840 -1.743473 -0.140712 -0.834329 -0.484642 -0.781570 -0.346496 -0.184960
55229279782266 -1.745221 -0.141312 -0.824388 -0.496546 -0.777798 -0.335694 -0.189160
55229313118936 -1.745525 -0.141128 -0.813775 -0.503826 -0.774890 -0.330280 -0.191363
55229346455908 -1.739899 -0.140671 -0.800592 -0.507315 -0.773080 -0.330253 -0.189502
55229379792334 -1.736374 -0.140298 -0.789173 -0.508783 -0.771425 -0.335276 -0.183394
55229413129003 -1.730752 -0.139808 -0.777346 -0.508353 -0.770779 -0.341585 -0.175491
55229446559409 -1.724529 -0.137685 -0.764814 -0.507616 -0.769987 -0.346557 -0.171301
55229479895835 -1.715014 -0.137229 -0.751679 -0.509058 -0.768526 -0.347899 -0.170863
55229513232505 -1.702890 -0.136520 -0.738798 -0.510859 -0.768218 -0.346332 -0.170054
55229546604704 -1.690328 -0.135839 -0.724663 -0.511860 -0.768945 -0.345414 -0.165566
55229579941130 -1.673143 -0.134523 -0.712662 -0.513664 -0.770142 -0.340644 -0.164290
55229613277800 -1.653459 -0.132806 -0.701450 -0.514861 -0.772365 -0.334325 -0.163085
55229646600951 -1.631363 -0.131490 -0.691324 -0.516056 -0.774780 -0.330155 -0.156203
55229679937376 -1.606961 -0.129332 -0.683357 -0.516637 -0.777704 -0.326216 -0.147801
55229713274046 -1.580727 -0.126381 -0.677111 -0.514650 -0.781913 -0.324259 -0.136394
55229746579241 -1.553275 -0.123124 -0.672453 -0.509838 -0.787007 -0.325993 -0.120058
55229779915667 -1.524413 -0.119734 -0.669578 -0.503605 -0.791793 -0.330362 -0.101524
55229813252337 -1.494803 -0.117362 -0.667986 -0.498597 -0.794614 -0.336596 -0.081802
55229846611870 -1.464773 -0.116522 -0.668083 -0.497624 -0.795966 -0.338822 -0.063311
55229879948296 -1.434468 -0.115247 -0.668046 -0.495213 -0.797846 -0.340767 -0.045636
55229913284966 -1.404321 -0.113502 -0.668180 -0.488250 -0.800048 -0.347579 -0.026921
55229946595876 -1.373166 -0.111323 -0.672489 -0.473548 -0.801995 -0.364083 -0.000623
55229979932301 -1.343893 -0.108288 -0.673790 -0.452948 -0.803059 -0.386057 0.029901
55230013268971 -1.316052 -0.105647 -0.674141 -0.432278 -0.804937 -0.403192 0.051463
55230046667249 -1.286895 -0.102654 -0.672751 -0.402188 -0.811642 -0.417256 0.073345
55230080003675 -1.261721 -0.101269 -0.671491 -0.374459 -0.822415 -0.419146 0.087926
55230113340345 -1.238361 -0.101940 -0.670536 -0.362578 -0.825369 -0.421800 0.096895
55230146711638 -1.217160 -0.101935 -0.668747 -0.349834 -0.823185 -0.433278 0.110695
55230180048064 -1.196653 -0.104055 -0.666444 -0.332929 -0.820120 -0.449268 0.121322
55230213384733 -1.177136 -0.106200 -0.663255 -0.308003 -0.816923 -0.469243 0.132597
55230246690306 -1.160035 -0.107545 -0.662736 -0.292082 -0.812084 -0.484708 0.142361
55230280026732 -1.142200 -0.109683 -0.658637 -0.277848 -0.813936 -0.486588 0.153427
55230313363402 -1.124919 -0.111670 -0.653607 -0.267383 -0.819451 -0.480950 0.160294
55230346686875 -1.105155 -0.115423 -0.649303 -0.262408 -0.821015 -0.475815 0.175149
55230380023301 -1.087990 -0.120068 -0.643401 -0.263306 -0.813193 -0.483536 0.188624
55230413359971 -1.071200 -0.124458 -0.636026 -0.260022 -0.800467 -0.499741 0.204695
55230446702326 -1.052092 -0.127411 -0.628478 -0.254860 -0.792008 -0.505763 0.227975
55230480038751 -1.038647 -0.126073 -0.622723 -0.238868 -0.790008 -0.497613 0.266854
55230513375421 -1.025980 -0.123742 -0.616217 -0.221823 -0.788600 -0.489051 0.299556
55230546744277 -1.013476 -0.119961 -0.608735 -0.211054 -0.777125 -0.490707 0.332776
55230580080703 -1.002803 -0.116767 -0.601433 -0.203304 -0.766866 -0.489891 0.361373
55230613417373 -0.991862 -0.113673 -0.593036 -0.198780 -0.761264 -0.489798 0.375580
55230646762003 -0.979354 -0.111418 -0.584622 -0.197241 -0.752773 -0.492081 0.390238
55230680098429 -0.970308 -0.107237 -0.576577 -0.192983 -0.747517 -0.488982 0.406045
