# Created at Sat Jul 26 09:15:13 PDT 2025
55202744424398 0.032585 -0.050147 -0.005756 -0.560162 0.001244 -0.001528 0.828380
55202777760823 0.032228 -0.050244 -0.007749 -0.567610 -0.023669 -0.008146 0.822917
55202811097493 0.031779 -0.047189 -0.008762 -0.576130 -0.034269 -0.030813 0.816057
55202844403843 0.032466 -0.043442 -0.007694 -0.596545 -0.024211 -0.063309 0.799713
55202877740269 0.032352 -0.039425 -0.006436 -0.620399 0.010877 -0.090127 0.779015
55202911076939 0.032142 -0.034334 -0.004638 -0.636348 0.055247 -0.105454 0.762160
55202944317689 0.031222 -0.031426 -0.003825 -0.648885 0.078812 -0.089032 0.751539
55202977654115 0.029968 -0.028542 -0.002157 -0.646819 0.104062 -0.062475 0.752923
55203010990784 0.029867 -0.025241 -0.001610 -0.633754 0.106908 -0.039717 0.765081
55203044289685 0.029615 -0.022758 -0.003617 -0.621399 0.074805 -0.034697 0.779143
55203077626111 0.030591 -0.020430 -0.004793 -0.607610 0.044766 -0.034360 0.792228
55203110962781 0.030515 -0.018283 -0.005046 -0.595853 0.019216 -0.028500 0.802357
55203144349998 0.030681 -0.016680 -0.004734 -0.591962 0.009132 -0.015703 0.805761
55203177686424 0.029073 -0.014703 -0.004225 -0.590971 0.010988 -0.011708 0.806533
55203211023094 0.026395 -0.012360 -0.002943 -0.595803 0.045180 -0.020340 0.801601
55203244385984 0.025920 -0.011142 -0.001870 -0.598612 0.062424 -0.016977 0.798423
55203277722409 0.025926 -0.007844 -0.002254 -0.590329 0.054277 -0.010434 0.805268
55203311059079 0.024821 -0.005888 -0.002704 -0.587095 0.047614 0.000603 0.808117
55203344359655 0.023483 -0.007475 -0.002776 -0.581580 0.038671 0.010941 0.812496
55203377696081 0.023379 -0.006359 -0.003322 -0.577492 0.022236 0.020238 0.815842
55203411032751 0.023085 -0.005790 -0.003664 -0.576492 0.007142 0.028204 0.816585
55203444301747 0.019489 -0.007103 -0.003055 -0.578223 0.006743 0.032224 0.815214
55203477638173 0.015749 -0.006880 -0.002937 -0.576599 0.010968 0.034337 0.816232
55203510851091 0.010548 -0.007696 -0.003107 -0.573903 0.013432 0.039716 0.817849
55203544324796 0.003127 -0.010504 -0.003462 -0.568578 0.015153 0.049206 0.821016
55203577661221 -0.005673 -0.011251 -0.002495 -0.564095 0.015595 0.060419 0.823349
55203610997891 -0.015876 -0.010926 -0.000800 -0.562669 0.013768 0.068177 0.823751
55203644340804 -0.029761 -0.007688 0.000736 -0.559970 0.018012 0.071754 0.825203
55203677677230 -0.045981 -0.004197 0.005085 -0.554616 0.026836 0.077779 0.828029
55203711013900 -0.064644 -0.000845 0.009794 -0.548603 0.032640 0.086721 0.830933
55203744338687 -0.085749 0.001471 0.013666 -0.544514 0.041314 0.093647 0.832483
55203777675113 -0.107626 0.004423 0.019563 -0.540553 0.051985 0.101359 0.833562
55203810999477 -0.131211 0.008192 0.025066 -0.534484 0.064178 0.108922 0.835670
55203844336147 -0.154002 0.010821 0.032076 -0.530275 0.080930 0.115344 0.836035
55203877672573 -0.176259 0.012643 0.039007 -0.527070 0.095451 0.122602 0.835497
55203911009243 -0.197772 0.013956 0.045875 -0.524953 0.110075 0.130130 0.833891
55203944286402 -0.218802 0.015143 0.051626 -0.522040 0.124870 0.139491 0.832120
55203977622828 -0.238251 0.016524 0.058522 -0.515793 0.138149 0.150197 0.832054
55204010959498 -0.256174 0.017330 0.065048 -0.510031 0.150014 0.161682 0.831398
55204044288340 -0.273790 0.017816 0.069869 -0.505783 0.161163 0.171215 0.829997
55204077624765 -0.287862 0.017966 0.075029 -0.503650 0.173158 0.178067 0.827433
55204110961435 -0.299944 0.018277 0.079628 -0.499264 0.182784 0.185585 0.826367
55204144298380 -0.309660 0.018678 0.082639 -0.494991 0.193106 0.191298 0.825287
55204177634806 -0.317470 0.019591 0.086005 -0.492415 0.208050 0.192559 0.822900
55204210971476 -0.323117 0.020604 0.088557 -0.490526 0.221144 0.193184 0.820463
55204244303547 -0.325923 0.020696 0.087981 -0.491141 0.227299 0.197911 0.817280
55204277639973 -0.327685 0.020826 0.088321 -0.489206 0.232380 0.202001 0.816010
55204310976643 -0.327218 0.021272 0.087718 -0.485045 0.234361 0.205283 0.817108
55204344340029 -0.324590 0.021312 0.084897 -0.479877 0.228529 0.211822 0.820136
55204377676454 -0.320092 0.021092 0.081862 -0.474863 0.220017 0.218287 0.823680
55204411013124 -0.313336 0.021127 0.077669 -0.471083 0.211439 0.221400 0.827259
55204444336285 -0.303371 0.022795 0.072934 -0.468049 0.199728 0.222002 0.831717
55204477672711 -0.292398 0.023094 0.066473 -0.466612 0.188016 0.220297 0.835699
55204511009381 -0.279570 0.023436 0.059173 -0.465722 0.176219 0.215611 0.839977
55204544263838 -0.263621 0.024853 0.051342 -0.469514 0.166363 0.209435 0.841437
55204577600264 -0.248257 0.024176 0.043019 -0.473962 0.156763 0.202935 0.842379
55204610936933 -0.232028 0.023303 0.034609 -0.476851 0.145248 0.198027 0.843980
55204644311157 -0.214584 0.021591 0.026317 -0.480864 0.134286 0.193548 0.844557
55204677647583 -0.197135 0.019867 0.017542 -0.487243 0.125697 0.187235 0.843645
55204710984253 -0.179342 0.017973 0.008636 -0.492868 0.118289 0.180606 0.842894
55204744316030 -0.162047 0.016477 -0.000313 -0.495324 0.108474 0.176672 0.843608
55204777652456 -0.144356 0.014089 -0.009657 -0.498183 0.099517 0.173039 0.843782
55204810989126 -0.127011 0.011708 -0.019016 -0.500379 0.093391 0.169876 0.843825
55204844345692 -0.108354 0.009511 -0.027793 -0.502427 0.087521 0.167883 0.843636
55204877682117 -0.091443 0.007030 -0.038306 -0.506612 0.082227 0.165410 0.842154
55204911018787 -0.074864 0.005090 -0.049525 -0.510253 0.077706 0.161650 0.841114
55204944314658 -0.058042 0.002610 -0.061748 -0.512837 0.076906 0.156234 0.840639
55204977651084 -0.043374 0.001289 -0.073978 -0.515062 0.076478 0.153159 0.839884
55205010987754 -0.029943 0.000144 -0.086834 -0.515806 0.074236 0.152394 0.839767
55205044368333 -0.017661 -0.000867 -0.100758 -0.516747 0.073061 0.151478 0.839457
55205077704759 -0.006547 -0.001260 -0.114372 -0.516717 0.071719 0.150301 0.839803
55205111041429 0.003255 -0.001292 -0.128240 -0.516641 0.069496 0.150494 0.840002
55205144367116 0.010985 0.000043 -0.142572 -0.515150 0.068451 0.151596 0.840806
55205177703541 0.018062 0.002443 -0.155891 -0.511038 0.071645 0.150352 0.843268
55205211040211 0.023755 0.004753 -0.169437 -0.508397 0.075228 0.148095 0.844950
55205244383811 0.027259 0.005871 -0.183182 -0.506845 0.076874 0.149342 0.845515
55205277720237 0.028877 0.006977 -0.197252 -0.502372 0.075149 0.156570 0.847030
55205311056907 0.028943 0.008669 -0.211158 -0.495310 0.074918 0.164239 0.849753
55205344398022 0.027335 0.010306 -0.224469 -0.488243 0.075140 0.169725 0.852741
55205377734448 0.025100 0.011527 -0.239082 -0.481880 0.070870 0.178481 0.854935
55205411071117 0.021522 0.012832 -0.253500 -0.473509 0.066217 0.190166 0.857462
55205444362679 0.016157 0.014698 -0.267018 -0.462970 0.060924 0.204300 0.860354
55205477699105 0.010462 0.015260 -0.281025 -0.451412 0.050652 0.223464 0.862395
55205511035775 0.004186 0.014826 -0.295009 -0.441588 0.037804 0.245505 0.862147
55205544254997 -0.003383 0.016186 -0.307389 -0.432272 0.033953 0.263270 0.861787
55205577591423 -0.010939 0.016305 -0.319385 -0.424497 0.031705 0.280457 0.860314
55205610928093 -0.019134 0.015767 -0.330973 -0.415774 0.026060 0.300898 0.857854
55205644336261 -0.028687 0.015058 -0.340697 -0.407610 0.023787 0.320487 0.854738
55205677672686 -0.038469 0.015118 -0.350347 -0.398352 0.021048 0.337857 0.852482
55205711009356 -0.049284 0.014925 -0.359309 -0.388434 0.016243 0.356257 0.849668
55205744347578 -0.061507 0.012817 -0.367897 -0.375518 0.008689 0.384497 0.843251
55205777684004 -0.075499 0.010978 -0.373895 -0.345302 -0.006973 0.420971 0.838750
55205811020674 -0.090106 0.009188 -0.378688 -0.315408 -0.016260 0.452795 0.833805
55205844297315 -0.104219 0.007401 -0.384667 -0.302462 -0.016974 0.471527 0.828185
55205877633741 -0.118411 0.006450 -0.390561 -0.296492 -0.017096 0.482936 0.823756
55205910970411 -0.133332 0.006315 -0.395786 -0.290748 -0.015717 0.490802 0.821177
55205944321078 -0.148306 0.008447 -0.398557 -0.285344 -0.012765 0.495443 0.820336
55205977657503 -0.164701 0.009268 -0.402497 -0.282814 -0.011482 0.497933 0.819724
55206010994173 -0.181759 0.009863 -0.406292 -0.281092 -0.013941 0.499853 0.819109
55206044279093 -0.200415 0.008138 -0.410976 -0.278430 -0.017373 0.504363 0.817186
55206077615519 -0.218636 0.006903 -0.413241 -0.280955 -0.017946 0.508061 0.814013
55206110952189 -0.237086 0.005499 -0.414817 -0.284295 -0.019432 0.511736 0.810509
55206144252916 -0.256800 0.004065 -0.416423 -0.280765 -0.025406 0.516195 0.808744
55206177589342 -0.275212 0.002897 -0.416797 -0.281881 -0.024673 0.517869 0.807308
55206210926011 -0.293160 0.001767 -0.416798 -0.283003 -0.021899 0.517527 0.807215
55206244223323 -0.313939 0.004473 -0.408385 -0.287129 -0.020948 0.514986 0.807408
55206277625475 -0.330360 0.002820 -0.408815 -0.294913 -0.018630 0.509928 0.807869
55206310962145 -0.345983 0.000817 -0.409128 -0.298529 -0.016203 0.505743 0.809223
55206344277895 -0.360009 -0.001747 -0.409847 -0.304196 -0.014213 0.503623 0.808472
55206377614321 -0.373044 -0.004978 -0.412188 -0.311495 -0.013555 0.500874 0.807411
55206410950991 -0.384615 -0.008054 -0.415987 -0.321275 -0.012542 0.497675 0.805571
55206444283722 -0.393927 -0.008287 -0.419679 -0.329441 -0.010003 0.495485 0.803656
55206477620147 -0.402681 -0.008217 -0.426801 -0.336772 -0.009476 0.493920 0.801584
55206510956817 -0.409645 -0.004718 -0.436922 -0.347161 -0.008898 0.489264 0.800013
55206544247862 -0.418271 0.004572 -0.446899 -0.349254 -0.008361 0.487700 0.800063
55206577584288 -0.423188 0.018711 -0.461622 -0.339257 -0.014657 0.488375 0.803853
55206610920958 -0.426686 0.038310 -0.479066 -0.330458 -0.022196 0.485441 0.809106
55206644349870 -0.431282 0.060862 -0.499446 -0.328271 -0.031963 0.474604 0.816068
55206677686296 -0.432517 0.089964 -0.518514 -0.322881 -0.037875 0.464720 0.823619
55206711022966 -0.433239 0.122058 -0.536026 -0.310561 -0.045013 0.458916 0.831217
55206744443242 -0.432106 0.151083 -0.551474 -0.290187 -0.054245 0.455358 0.839939
55206777779667 -0.431778 0.186353 -0.566186 -0.267861 -0.066776 0.451430 0.848529
55206811116337 -0.430545 0.221213 -0.580102 -0.253024 -0.078340 0.446115 0.854882
55206844452895 -0.428283 0.254341 -0.591799 -0.241657 -0.090259 0.442349 0.858943
55206877789321 -0.427337 0.287809 -0.601368 -0.224133 -0.102749 0.441535 0.862702
55206911125991 -0.427251 0.320298 -0.608277 -0.203037 -0.112259 0.441423 0.866787
55206944427936 -0.428039 0.351032 -0.612205 -0.187693 -0.119151 0.438799 0.870649
55206977764362 -0.428729 0.377709 -0.616455 -0.175056 -0.125819 0.433716 0.874880
55207011101031 -0.430272 0.399125 -0.619147 -0.162455 -0.130324 0.429790 0.878581
55207044452096 -0.431683 0.413496 -0.621118 -0.152347 -0.135717 0.427196 0.880838
55207077788522 -0.433929 0.421660 -0.624056 -0.146682 -0.141196 0.422766 0.883072
55207111125192 -0.436552 0.422637 -0.626915 -0.145498 -0.142664 0.417231 0.885661
55207144462018 -0.438857 0.416183 -0.629520 -0.149658 -0.140563 0.410162 0.888601
55207177798444 -0.441691 0.401926 -0.632540 -0.158852 -0.137723 0.406086 0.889321
55207211135114 -0.445202 0.380551 -0.635319 -0.170962 -0.132598 0.405768 0.887999
55207244464331 -0.449579 0.353800 -0.639240 -0.185393 -0.128974 0.408168 0.884531
55207277800756 -0.453981 0.323645 -0.641509 -0.201437 -0.128088 0.411210 0.879729
55207311137426 -0.459038 0.291640 -0.641693 -0.219956 -0.121587 0.412275 0.875708
55207344477163 -0.464531 0.258262 -0.639808 -0.240096 -0.111232 0.412448 0.871704
55207377813589 -0.471081 0.224298 -0.636492 -0.258207 -0.104206 0.414644 0.866338
55207411150259 -0.478235 0.190577 -0.631781 -0.277426 -0.094681 0.416910 0.860381
55207444446074 -0.481857 0.161563 -0.626788 -0.299340 -0.083567 0.415514 0.854845
55207477782500 -0.488876 0.130703 -0.621133 -0.319871 -0.075444 0.413033 0.849349
55207511119170 -0.495976 0.102324 -0.614597 -0.338494 -0.068398 0.410218 0.844076
55207544434116 -0.498767 0.079464 -0.610166 -0.356415 -0.064088 0.402581 0.840708
55207577770541 -0.506434 0.060458 -0.603180 -0.376501 -0.057813 0.383173 0.841476
55207611107211 -0.516462 0.045186 -0.595322 -0.397100 -0.047354 0.357813 0.843824
55207644414764 -0.522385 0.034013 -0.589774 -0.411448 -0.043189 0.332259 0.847614
55207677751190 -0.537346 0.024783 -0.582029 -0.425185 -0.042313 0.301316 0.852429
55207711087860 -0.554574 0.017938 -0.573279 -0.445515 -0.039363 0.258789 0.856152
55207744347561 -0.573966 0.012749 -0.564657 -0.469152 -0.029766 0.210104 0.857244
55207777683987 -0.595539 0.010502 -0.554285 -0.484464 -0.017789 0.161083 0.859669
55207811020656 -0.618393 0.010715 -0.542928 -0.494211 -0.003474 0.112281 0.862054
55207844351313 -0.642975 0.015990 -0.531824 -0.502751 0.013220 0.056042 0.862511
55207877687739 -0.664425 0.018252 -0.520359 -0.512238 0.039905 -0.001942 0.857914
55207911024409 -0.684241 0.020988 -0.508936 -0.513618 0.055622 -0.050107 0.854746
55207944370642 -0.706586 0.024297 -0.498500 -0.512327 0.066682 -0.090406 0.851412
55207977707068 -0.723294 0.025489 -0.487656 -0.513526 0.083235 -0.125856 0.844703
55208011043738 -0.737009 0.025256 -0.477949 -0.518922 0.103742 -0.164561 0.832392
55208044438362 -0.747082 0.019625 -0.468580 -0.526370 0.117516 -0.206068 0.816493
55208077774787 -0.751579 0.017737 -0.459163 -0.530999 0.124664 -0.241917 0.802480
55208111111457 -0.750885 0.015920 -0.449654 -0.531645 0.120191 -0.270949 0.793407
55208144396627 -0.747253 0.016895 -0.439527 -0.530346 0.111082 -0.300592 0.784881
55208177733053 -0.736678 0.011749 -0.429821 -0.531138 0.099022 -0.329876 0.774125
55208211069723 -0.722153 0.003619 -0.419864 -0.534396 0.080396 -0.357281 0.761779
55208244327906 -0.705642 -0.008199 -0.409894 -0.540070 0.063733 -0.384722 0.745823
55208277664332 -0.685772 -0.021051 -0.399020 -0.545633 0.041531 -0.410220 0.729574
55208311001002 -0.663734 -0.036010 -0.386828 -0.550293 0.015642 -0.438422 0.710436
55208344234311 -0.649153 -0.054289 -0.368739 -0.555864 -0.014775 -0.460355 0.692004
55208377570736 -0.628112 -0.069455 -0.353990 -0.563905 -0.052652 -0.468370 0.678136
55208410907406 -0.607754 -0.083409 -0.337674 -0.568623 -0.088672 -0.476059 0.664961
55208444290176 -0.593264 -0.099143 -0.317658 -0.569501 -0.119743 -0.482783 0.654408
55208477626602 -0.575677 -0.110021 -0.299532 -0.570688 -0.150861 -0.484328 0.645741
55208510963272 -0.558482 -0.119616 -0.280779 -0.573354 -0.187113 -0.480265 0.636867
55208544236878 -0.539277 -0.128145 -0.260065 -0.576410 -0.219541 -0.478215 0.625190
55208577573304 -0.523389 -0.135622 -0.240973 -0.584755 -0.254505 -0.468250 0.611580
55208610909973 -0.508970 -0.140805 -0.222377 -0.596677 -0.295494 -0.444629 0.599137
55208644485695 -0.503212 -0.130542 -0.212811 -0.610105 -0.340853 -0.401933 0.591643
55208677822121 -0.492342 -0.128645 -0.199160 -0.618213 -0.387052 -0.339713 0.593800
55208711158791 -0.480946 -0.125718 -0.186423 -0.620107 -0.421591 -0.288909 0.595197
55208744495461 -0.468162 -0.121645 -0.175195 -0.622686 -0.440822 -0.260882 0.591506
55208777643660 -0.454491 -0.117890 -0.165149 -0.622954 -0.458301 -0.234842 0.588844
55208810980330 -0.440179 -0.113421 -0.157320 -0.622586 -0.474398 -0.209665 0.585980
55208844326297 -0.425925 -0.109106 -0.151957 -0.622504 -0.486743 -0.186529 0.583761
55208877662722 -0.411338 -0.104291 -0.149335 -0.623441 -0.497610 -0.161240 0.581126
55208911016208 -0.391551 -0.107717 -0.138013 -0.622442 -0.507819 -0.129413 0.581324
55208944352878 -0.377487 -0.102406 -0.139370 -0.621914 -0.517983 -0.093815 0.579755
55208977689304 -0.362941 -0.096705 -0.142014 -0.618828 -0.526784 -0.065736 0.578990
55209011025974 -0.348581 -0.091703 -0.146376 -0.616976 -0.531970 -0.039568 0.578604
55209044294255 -0.338477 -0.088608 -0.154078 -0.616608 -0.537668 -0.010881 0.574969
55209077630681 -0.324232 -0.086134 -0.160962 -0.618621 -0.539979 0.014845 0.570535
55209110967351 -0.310438 -0.084617 -0.169164 -0.622429 -0.537167 0.038652 0.567926
55209144326691 -0.297192 -0.083910 -0.177660 -0.624818 -0.537082 0.075955 0.561584
55209177663116 -0.282911 -0.083234 -0.187215 -0.620617 -0.546507 0.124285 0.548378
55209210999786 -0.268807 -0.082830 -0.197096 -0.617133 -0.548764 0.165272 0.539156
55209244395726 -0.256278 -0.081437 -0.207674 -0.615780 -0.545329 0.207171 0.529633
55209277732152 -0.240858 -0.083215 -0.217103 -0.608984 -0.551949 0.259778 0.506958
55209310930303 -0.225148 -0.084259 -0.226464 -0.598357 -0.558435 0.306165 0.486192
55209344445789 -0.209458 -0.082502 -0.236774 -0.594092 -0.558804 0.331142 0.474487
55209377782215 -0.193106 -0.082738 -0.245910 -0.598018 -0.556261 0.337909 0.467724
55209411118884 -0.176623 -0.083055 -0.254998 -0.601361 -0.558035 0.343165 0.457383
55209444495438 -0.160928 -0.082593 -0.264879 -0.599774 -0.562096 0.349842 0.449366
55209477831864 -0.148936 -0.082056 -0.275758 -0.601028 -0.561476 0.346123 0.451340
55209511168534 -0.138961 -0.082055 -0.286967 -0.607121 -0.559418 0.332081 0.456264
55209544548936 -0.129946 -0.081513 -0.301244 -0.609864 -0.561089 0.321775 0.457936
55209577885362 -0.126409 -0.082256 -0.315538 -0.605964 -0.563286 0.321218 0.460798
55209611222032 -0.127469 -0.083167 -0.332239 -0.602009 -0.561192 0.319364 0.469740
55209644667953 -0.132398 -0.081051 -0.350861 -0.604391 -0.552837 0.296258 0.491236
55209678004378 -0.141014 -0.079176 -0.372153 -0.607089 -0.540007 0.260810 0.521357
55209711341048 -0.153426 -0.075781 -0.395430 -0.604472 -0.524555 0.224349 0.555988
55209744631975 -0.171194 -0.073611 -0.416202 -0.600908 -0.508635 0.184785 0.588264
55209777968401 -0.188447 -0.069269 -0.441421 -0.596092 -0.490379 0.143810 0.619291
55209811305071 -0.208215 -0.064107 -0.467440 -0.586716 -0.472241 0.109055 0.648736
55209844595884 -0.229025 -0.061119 -0.492924 -0.576813 -0.456249 0.083965 0.672364
55209877932310 -0.251743 -0.056515 -0.520115 -0.569392 -0.440056 0.058740 0.691876
55209911268980 -0.276012 -0.051655 -0.547596 -0.564520 -0.416432 0.028927 0.712085
55209944530480 -0.297944 -0.049128 -0.572658 -0.559175 -0.390524 -0.003947 0.731299
55209977866905 -0.323616 -0.043450 -0.599554 -0.553249 -0.366385 -0.035924 0.747252
55210011203575 -0.350358 -0.038302 -0.625937 -0.551097 -0.337447 -0.070157 0.759934
55210044543884 -0.378231 -0.032422 -0.652168 -0.548749 -0.311741 -0.101275 0.769048
55210077880310 -0.407257 -0.027046 -0.678060 -0.546012 -0.287316 -0.126167 0.776790
55210111216980 -0.437593 -0.021356 -0.704330 -0.542368 -0.263512 -0.143190 0.784790
55210144569778 -0.465621 -0.016988 -0.732291 -0.538950 -0.237647 -0.160584 0.792003
55210177906204 -0.496938 -0.012184 -0.759371 -0.538245 -0.208424 -0.176918 0.797215
55210211242873 -0.529466 -0.007139 -0.786554 -0.535815 -0.182475 -0.184376 0.803499
55210244584131 -0.561042 -0.005356 -0.810708 -0.534277 -0.155469 -0.187247 0.809516
55210277920557 -0.595789 -0.000642 -0.836870 -0.532683 -0.125896 -0.186317 0.815895
55210311257227 -0.631680 0.003691 -0.861997 -0.532410 -0.094865 -0.181466 0.821346
55210344598679 -0.665754 0.003266 -0.887241 -0.536506 -0.064093 -0.172285 0.823633
55210377935105 -0.703280 0.006033 -0.910170 -0.540154 -0.038133 -0.156393 0.826027
55210411271775 -0.742161 0.008698 -0.931662 -0.542301 -0.015190 -0.130209 0.829894
55210444608702 -0.781960 0.012303 -0.951786 -0.542489 0.001090 -0.093220 0.834874
55210477945127 -0.821413 0.013653 -0.970467 -0.542347 0.019572 -0.057283 0.837971
55210511281797 -0.859670 0.014638 -0.987742 -0.542966 0.043224 -0.026854 0.838211
55210544599547 -0.894852 0.017748 -1.002379 -0.539028 0.065184 0.002612 0.839758
55210577935973 -0.929911 0.019096 -1.017435 -0.533487 0.085488 0.031019 0.840905
55210611272643 -0.963900 0.019795 -1.031381 -0.529000 0.109307 0.056046 0.839684
55210644728015 -0.996365 0.019312 -1.046238 -0.525091 0.133025 0.079192 0.836847
55210678064441 -1.028764 0.018292 -1.058231 -0.520704 0.155627 0.102091 0.833202
55210711366813 -1.062078 0.016717 -1.071422 -0.517633 0.181244 0.121485 0.827313
55210744612978 -1.094407 0.014248 -1.080661 -0.514197 0.209648 0.140632 0.819678
55210778039908 -1.127139 0.011156 -1.087726 -0.506886 0.236634 0.164066 0.812498
55210811376578 -1.159154 0.007502 -1.092196 -0.496667 0.263156 0.190703 0.804800
55210844622254 -1.189201 0.002823 -1.093982 -0.484544 0.290773 0.217858 0.795742
55210877958680 -1.217258 -0.001403 -1.093895 -0.475666 0.317324 0.243027 0.783572
55210911295350 -1.242815 -0.005159 -1.092141 -0.468621 0.343479 0.264451 0.769728
55210944632020 -1.268154 -0.007153 -1.088918 -0.462304 0.371836 0.281841 0.754042
55210977944794 -1.289075 -0.009220 -1.082844 -0.454492 0.399673 0.298710 0.737882
55211011281463 -1.307129 -0.010915 -1.074389 -0.443752 0.425509 0.316078 0.722579
55211044640257 -1.318787 -0.012850 -1.060991 -0.432962 0.450909 0.333162 0.705853
55211077976683 -1.329393 -0.014380 -1.048535 -0.422701 0.474348 0.349370 0.688664
55211111313353 -1.336302 -0.015143 -1.034190 -0.411311 0.497323 0.363791 0.671676
55211144633893 -1.339522 -0.015615 -1.018038 -0.397002 0.521614 0.376861 0.654434
55211177970319 -1.339696 -0.015899 -1.000663 -0.382328 0.540605 0.390630 0.639515
55211211190728 -1.336755 -0.016297 -0.982956 -0.373010 0.556202 0.403356 0.623543
55211244643659 -1.329849 -0.015211 -0.964465 -0.366324 0.576198 0.411257 0.603880
55211277964136 -1.320119 -0.013187 -0.945880 -0.354064 0.596748 0.417828 0.586473
55211311300806 -1.306385 -0.011018 -0.927557 -0.336566 0.614411 0.424972 0.573255
55211344660457 -1.290925 -0.009921 -0.910846 -0.320495 0.630360 0.431156 0.560387
55211377996883 -1.272573 -0.009239 -0.896285 -0.311260 0.644339 0.436725 0.545175
55211411333553 -1.252376 -0.009343 -0.884022 -0.303405 0.655371 0.442383 0.531725
55211444648016 -1.231999 -0.009960 -0.874201 -0.295895 0.665199 0.447092 0.519679
55211477984442 -1.208279 -0.011468 -0.865955 -0.290012 0.674682 0.451722 0.506601
55211507151464 -1.186362 -0.013643 -0.860166 -0.283822 0.681370 0.456490 0.496786
55211540477785 -1.157972 -0.016545 -0.854140 -0.274740 0.686821 0.463064 0.488229
55211573814210 -1.129737 -0.019941 -0.850865 -0.261850 0.691730 0.470009 0.481700
55211607150880 -1.100394 -0.023420 -0.849512 -0.249086 0.694889 0.477746 0.476280
55211640496210 -1.070167 -0.027688 -0.850079 -0.240343 0.695670 0.487450 0.469756
55211673832636 -1.040859 -0.029319 -0.852045 -0.228146 0.697893 0.495841 0.463720
55211707169306 -1.012567 -0.029299 -0.856143 -0.217746 0.701949 0.499091 0.459089
55211740616948 -0.986862 -0.030135 -0.862092 -0.224509 0.703708 0.504241 0.447361
55211773953374 -0.962025 -0.031641 -0.870331 -0.241232 0.702715 0.513330 0.429524
55211807290043 -0.937777 -0.031196 -0.880567 -0.267708 0.707975 0.516172 0.400837
55211840731126 -0.915116 -0.028554 -0.893223 -0.290536 0.713836 0.512232 0.379006
55211874067552 -0.894046 -0.025609 -0.907619 -0.312643 0.718819 0.504300 0.362265
55211907404222 -0.874728 -0.022923 -0.924315 -0.343879 0.723761 0.492880 0.339096
55211940687184 -0.857797 -0.020613 -0.943943 -0.371996 0.722816 0.479315 0.330775
55211973898235 -0.844005 -0.020642 -0.965113 -0.393770 0.711316 0.469999 0.343620
55212007360280 -0.830037 -0.022089 -0.987832 -0.419768 0.701864 0.460256 0.345466
55212040759556 -0.818032 -0.025545 -1.010957 -0.454214 0.693557 0.444177 0.339668
55212074095981 -0.807168 -0.029967 -1.037739 -0.485225 0.675635 0.429372 0.351729
55212107432651 -0.797232 -0.036574 -1.065702 -0.511612 0.650218 0.418066 0.375088
55212140785608 -0.785437 -0.044295 -1.094162 -0.538398 0.623881 0.409582 0.391334
55212178291682 -0.773147 -0.055594 -1.124564 -0.557513 0.583577 0.411944 0.422989
55212211628352 -0.761094 -0.066954 -1.151007 -0.565026 0.539739 0.423636 0.458213
55212245077764 -0.745262 -0.074016 -1.179662 -0.580327 0.498151 0.432400 0.477594
55212278414190 -0.730011 -0.087210 -1.203252 -0.602554 0.463659 0.435924 0.481580
55212311750860 -0.714382 -0.100365 -1.225276 -0.623140 0.429503 0.438967 0.484285
55212345175300 -0.698236 -0.109333 -1.245059 -0.637313 0.405270 0.439343 0.486380
55212378511725 -0.682549 -0.121113 -1.264182 -0.647096 0.380201 0.439918 0.493139
55212411848395 -0.665980 -0.133537 -1.282096 -0.660820 0.351666 0.441896 0.494344
55212445018885 -0.648667 -0.146663 -1.299643 -0.671614 0.328770 0.445849 0.491999
55212478355311 -0.633050 -0.155118 -1.313260 -0.675077 0.312532 0.447081 0.496703
55212511691981 -0.618963 -0.162572 -1.324025 -0.673780 0.303922 0.448360 0.502618
55212545115884 -0.606482 -0.174580 -1.330426 -0.677478 0.295015 0.450978 0.500608
55212578452310 -0.594164 -0.185177 -1.336653 -0.683660 0.286518 0.454307 0.494087
55212611788979 -0.583113 -0.196078 -1.341621 -0.682393 0.276545 0.462834 0.493606
55212645216530 -0.574082 -0.206399 -1.347313 -0.683315 0.263906 0.470638 0.491868
55212678552956 -0.564450 -0.216098 -1.351737 -0.682940 0.253412 0.476747 0.492023
55212711889626 -0.556058 -0.222835 -1.355494 -0.674468 0.249232 0.484741 0.497999
55212745239081 -0.547057 -0.226289 -1.362225 -0.660866 0.248214 0.493394 0.508143
55212778575507 -0.540001 -0.226326 -1.365650 -0.646505 0.255013 0.496639 0.519951
55212811912177 -0.534450 -0.222684 -1.367603 -0.618031 0.268421 0.505485 0.538955
55212845048970 -0.530184 -0.218128 -1.368043 -0.581848 0.282291 0.514408 0.563160
55212878385395 -0.526295 -0.211074 -1.368040 -0.546619 0.296460 0.521905 0.583896
55212911722065 -0.523100 -0.203793 -1.367029 -0.512778 0.307812 0.530453 0.600775
55212945135587 -0.520751 -0.195274 -1.368616 -0.486518 0.315019 0.536453 0.613417
55212978472013 -0.520034 -0.185541 -1.367311 -0.464775 0.322151 0.537652 0.625407
55213011808683 -0.520822 -0.173657 -1.365169 -0.439070 0.327981 0.537316 0.641044
55213045415594 -0.522205 -0.160397 -1.361076 -0.407392 0.328419 0.538543 0.660412
55213074582372 -0.524565 -0.148550 -1.357600 -0.380081 0.329036 0.539424 0.675496
55213107919042 -0.527615 -0.135432 -1.352592 -0.350207 0.329844 0.541989 0.689061
55213141310310 -0.530651 -0.123284 -1.346304 -0.316387 0.326247 0.548885 0.701561
55213174646735 -0.533972 -0.111889 -1.339248 -0.279599 0.322000 0.556039 0.713415
55213207983405 -0.537278 -0.101551 -1.331481 -0.249022 0.320698 0.561142 0.721291
55213241351559 -0.539986 -0.092910 -1.322492 -0.220257 0.316651 0.569799 0.725636
55213274687985 -0.543383 -0.086687 -1.312821 -0.191879 0.313440 0.579215 0.727631
55213312194303 -0.547252 -0.080561 -1.300878 -0.163489 0.313331 0.586390 0.728864
55213345511282 -0.550286 -0.076762 -1.289482 -0.128434 0.306717 0.595138 0.731601
55213378847708 -0.553866 -0.074342 -1.277845 -0.091922 0.295784 0.605702 0.732930
55213412184377 -0.557696 -0.072165 -1.265919 -0.065422 0.288337 0.614446 0.731462
55213445458603 -0.562105 -0.066528 -1.252014 -0.040149 0.286646 0.621535 0.727953
55213478795029 -0.566265 -0.065909 -1.238264 -0.000696 0.280154 0.631614 0.722895
55213512131699 -0.571204 -0.065467 -1.224491 0.042057 0.274743 0.637272 0.718771
55213545517710 -0.578084 -0.065698 -1.212137 0.072122 0.277774 0.643988 0.709168
55213578854136 -0.585204 -0.067964 -1.199514 0.096351 0.282407 0.655537 0.693710
55213612190806 -0.593672 -0.071204 -1.187784 0.122257 0.284968 0.667491 0.676980
55213645601157 -0.601238 -0.073220 -1.174850 0.154112 0.291276 0.670848 0.664357
55213678937582 -0.612047 -0.074578 -1.163833 0.176317 0.297630 0.674406 0.652308
55213712274252 -0.624620 -0.075267 -1.154051 0.189215 0.303876 0.679735 0.640170
55213745633544 -0.638129 -0.073474 -1.145111 0.199125 0.309379 0.683176 0.630796
55213778969970 -0.653419 -0.068299 -1.137434 0.208691 0.313688 0.684676 0.623912
55213812306640 -0.669358 -0.058081 -1.131307 0.215660 0.318168 0.687495 0.616125
55213845669781 -0.687098 -0.039236 -1.125982 0.223633 0.321182 0.685809 0.613593
55213879006207 -0.705565 -0.014560 -1.120748 0.244103 0.321834 0.675165 0.617243
55213912342877 -0.725255 0.015425 -1.115930 0.264916 0.322894 0.662462 0.621855
55213945474282 -0.746369 0.048425 -1.107928 0.276304 0.325562 0.653064 0.625438
55213978810707 -0.767183 0.087184 -1.104347 0.289091 0.323835 0.638249 0.635763
55214012147377 -0.787423 0.129676 -1.101530 0.306413 0.312940 0.617192 0.653646
55214045454263 -0.806488 0.172313 -1.100013 0.322131 0.299598 0.597266 0.670632
55214078790689 -0.820181 0.214894 -1.096533 0.332281 0.292529 0.580786 0.683156
55214112127359 -0.829821 0.254860 -1.092185 0.343776 0.285846 0.564540 0.693834
55214145404376 -0.837437 0.292405 -1.080760 0.358552 0.276032 0.547473 0.703932
55214178740802 -0.841067 0.323783 -1.075106 0.366862 0.269332 0.533496 0.712920
55214212077471 -0.842604 0.349260 -1.069486 0.367237 0.268089 0.523836 0.720320
55214245240347 -0.845451 0.365713 -1.069052 0.368907 0.265492 0.515575 0.726364
55214278576773 -0.845053 0.377388 -1.064594 0.369619 0.261962 0.508617 0.732166
55214311913443 -0.844199 0.382683 -1.061003 0.362746 0.262062 0.506185 0.737235
55214345154229 -0.845634 0.379018 -1.068340 0.352324 0.264943 0.506433 0.741079
55214378490655 -0.843692 0.372147 -1.066485 0.341043 0.270084 0.508258 0.743248
55214411827325 -0.841581 0.359690 -1.065251 0.323782 0.279374 0.514842 0.743003
55214444933988 -0.846191 0.345785 -1.072314 0.304616 0.289398 0.525216 0.740004
55214478270413 -0.844079 0.324302 -1.072590 0.289751 0.294613 0.536069 0.736123
55214511607083 -0.841472 0.300514 -1.073131 0.271946 0.299550 0.546151 0.733509
55214545028281 -0.834263 0.278719 -1.068505 0.241898 0.310843 0.555972 0.731955
55214578364707 -0.829088 0.252800 -1.068337 0.208731 0.324641 0.566411 0.728161
55214611701377 -0.822886 0.226780 -1.067902 0.176294 0.335255 0.574129 0.725879
55214645065011 -0.813083 0.200810 -1.062634 0.137644 0.344279 0.582901 0.723016
55214678401437 -0.805131 0.177234 -1.060057 0.092339 0.361621 0.589442 0.716423
55214711738107 -0.797527 0.157714 -1.055868 0.048908 0.380730 0.587392 0.712477
55214745138518 -0.786951 0.139815 -1.048447 0.009806 0.399918 0.581264 0.708592
55214778474943 -0.780762 0.127530 -1.039487 -0.023598 0.421649 0.571789 0.703358
55214811811613 -0.776874 0.119709 -1.029501 -0.057946 0.441175 0.556227 0.701868
55214845245663 -0.776562 0.118355 -1.019892 -0.099658 0.464374 0.531229 0.701585
55214878582089 -0.775973 0.117616 -1.008177 -0.142551 0.488891 0.502266 0.698852
55214911918759 -0.776537 0.117493 -0.995306 -0.178676 0.505583 0.474836 0.697848
55214945207846 -0.772940 0.116340 -0.985121 -0.204443 0.516472 0.446455 0.701525
55214978544272 -0.774641 0.117124 -0.970800 -0.229591 0.519906 0.421078 0.706879
55215011880941 -0.776974 0.116732 -0.956171 -0.262395 0.521621 0.398871 0.707080
55215045155871 -0.776147 0.108193 -0.936431 -0.286916 0.526317 0.379589 0.704685
55215078492297 -0.776123 0.108675 -0.917240 -0.302219 0.532064 0.360806 0.703839
55215111828967 -0.775504 0.108711 -0.896431 -0.322984 0.542779 0.344031 0.694777
55215145230260 -0.775618 0.105714 -0.878514 -0.349359 0.556918 0.329857 0.677484
55215178566686 -0.773819 0.104749 -0.854342 -0.369959 0.570945 0.317065 0.660774
55215211903356 -0.771106 0.103891 -0.828826 -0.381594 0.581541 0.306261 0.649922
55215245031739 -0.767949 0.100389 -0.801617 -0.390784 0.591255 0.301755 0.637691
55215278368164 -0.764589 0.097500 -0.772781 -0.397893 0.601364 0.302919 0.623123
55215311704834 -0.760568 0.094731 -0.743637 -0.398798 0.608405 0.305155 0.614560
55215345113569 -0.756256 0.090974 -0.719296 -0.394357 0.612746 0.305622 0.612879
55215378449995 -0.751864 0.087727 -0.692144 -0.392310 0.613970 0.308191 0.611680
55215411786665 -0.747628 0.083750 -0.665063 -0.389649 0.614981 0.315267 0.608752
55215445201980 -0.744090 0.078458 -0.637787 -0.384693 0.615782 0.325029 0.605954
55215478538406 -0.739970 0.075696 -0.612181 -0.371045 0.617906 0.335042 0.606848
55215511875076 -0.736375 0.074474 -0.588096 -0.348604 0.622746 0.343821 0.610287
55215545225274 -0.735474 0.073328 -0.568941 -0.327944 0.628799 0.351727 0.611026
55215578561699 -0.737177 0.072683 -0.550219 -0.309279 0.634084 0.359181 0.610960
55215611898369 -0.742744 0.072903 -0.534895 -0.294056 0.638202 0.362356 0.612313
55215645254980 -0.752592 0.071758 -0.520440 -0.280349 0.640011 0.364333 0.615671
55215678591406 -0.766221 0.072821 -0.509811 -0.267317 0.639735 0.365533 0.621020
55215711928076 -0.783476 0.074560 -0.501123 -0.254403 0.638178 0.364693 0.628496
55215745196496 -0.804669 0.077449 -0.492201 -0.241436 0.633545 0.362324 0.639571
55215778532922 -0.827960 0.079083 -0.486556 -0.225186 0.624760 0.361158 0.654623
55215811869591 -0.853438 0.079957 -0.482123 -0.204624 0.611187 0.361952 0.673477
55215845172321 -0.881570 0.080214 -0.480037 -0.180469 0.591235 0.364802 0.696270
55215878508747 -0.909422 0.079857 -0.478145 -0.152964 0.569822 0.369373 0.717961
55215911845417 -0.937093 0.078106 -0.477654 -0.127310 0.548894 0.380237 0.733435
55215945155507 -0.964385 0.074494 -0.478184 -0.106687 0.525168 0.399652 0.743703
55215978491933 -0.989190 0.071573 -0.483252 -0.091342 0.500102 0.416986 0.753444
55216011828603 -1.011025 0.069527 -0.490156 -0.075244 0.476145 0.430486 0.763090
55216045034465 -1.030312 0.066265 -0.499376 -0.059807 0.451458 0.448157 0.769262
55216078369256 -1.048162 0.060467 -0.507563 -0.047964 0.425660 0.474191 0.769191
55216111707560 -1.062737 0.055603 -0.515412 -0.037609 0.409661 0.493978 0.765996
55216144943753 -1.074210 0.051407 -0.523186 -0.016438 0.395456 0.514472 0.760698
55216178280179 -1.083627 0.044189 -0.528581 0.015570 0.374449 0.543220 0.751303
55216211616849 -1.089907 0.037976 -0.533423 0.045228 0.359318 0.569395 0.737994
55216245016985 -1.093792 0.033044 -0.536850 0.072303 0.346670 0.589465 0.726032
55216278462453 -1.096424 0.031418 -0.541064 0.103015 0.329445 0.605431 0.717152
55216311690081 -1.097521 0.031860 -0.543951 0.139654 0.311645 0.614279 0.711362
55216345014372 -1.098041 0.033559 -0.546165 0.174443 0.290385 0.619171 0.708430
55216378350797 -1.098861 0.036200 -0.548293 0.208030 0.263172 0.620658 0.708694
55216411687467 -1.099078 0.039787 -0.549295 0.239949 0.237383 0.619506 0.708722
55216445018680 -1.098840 0.043854 -0.549882 0.263065 0.220267 0.618068 0.707298
55216478355106 -1.097841 0.049029 -0.548844 0.290183 0.197405 0.613698 0.707248
55216511691776 -1.097131 0.055015 -0.547915 0.325337 0.162573 0.604410 0.708811
55216545034827 -1.095176 0.059086 -0.544914 0.347957 0.139414 0.600595 0.706240
55216578371253 -1.092453 0.067183 -0.541654 0.349106 0.130989 0.604052 0.704335
55216611751588 -1.090485 0.078385 -0.538650 0.337551 0.126301 0.608868 0.706673
55216645088258 -1.087738 0.091811 -0.534722 0.322018 0.122762 0.613324 0.710681
55216678424684 -1.084110 0.107851 -0.530012 0.305937 0.122633 0.617186 0.714455
55216711761354 -1.080054 0.126635 -0.525343 0.297114 0.115262 0.616394 0.720067
55216745024709 -1.074286 0.147358 -0.520455 0.290449 0.103373 0.614831 0.725904
55216778361135 -1.069015 0.169299 -0.515552 0.287403 0.093781 0.613727 0.729345
55216811697805 -1.063548 0.191997 -0.510417 0.295368 0.081646 0.609343 0.731295
55216845128376 -1.059999 0.215327 -0.507070 0.307947 0.059498 0.601440 0.734777
55216878464801 -1.055810 0.239194 -0.505049 0.307363 0.041679 0.596300 0.740417
55216911801471 -1.051239 0.263479 -0.503271 0.294582 0.034859 0.592138 0.749252
55216945313974 -1.045843 0.285632 -0.499931 0.279679 0.030018 0.586199 0.759769
55216978650400 -1.040840 0.309063 -0.499243 0.266344 0.024652 0.577803 0.771101
55217011987070 -1.035542 0.332515 -0.499331 0.242352 0.025319 0.565107 0.788212
55217045201739 -1.026356 0.355162 -0.499076 0.203528 0.035627 0.546994 0.811236
55217078538165 -1.019264 0.375178 -0.500759 0.167148 0.044967 0.523345 0.834356
55217111874835 -1.011185 0.391644 -0.503733 0.133315 0.051237 0.495613 0.856720
55217145083827 -1.003657 0.406852 -0.507163 0.092883 0.063646 0.466724 0.877206
55217178420252 -0.993624 0.415726 -0.512541 0.049516 0.079263 0.433457 0.896315
55217211756922 -0.982883 0.421302 -0.518898 0.010271 0.092540 0.395578 0.913701
55217245130390 -0.974578 0.421063 -0.527553 -0.025441 0.101365 0.355490 0.928819
55217278466816 -0.963487 0.419462 -0.535447 -0.063790 0.111339 0.318167 0.939310
55217311803486 -0.951819 0.415691 -0.543284 -0.096212 0.115476 0.280651 0.947968
55217345195729 -0.938280 0.406832 -0.548841 -0.122396 0.116621 0.243634 0.955019
55217378532155 -0.926938 0.399689 -0.556232 -0.149170 0.117461 0.211522 0.958754
55217411868824 -0.915004 0.392613 -0.564184 -0.168629 0.105591 0.178486 0.963617
55217445173849 -0.902517 0.383263 -0.571666 -0.184461 0.084273 0.140977 0.969019
55217478510275 -0.889932 0.376608 -0.579771 -0.206353 0.073365 0.103228 0.970247
55217511846945 -0.877538 0.370601 -0.588248 -0.224382 0.050053 0.068359 0.970811
55217545093824 -0.863367 0.368839 -0.598286 -0.239776 0.027940 0.030425 0.969949
55217578430250 -0.851099 0.364417 -0.604440 -0.251823 0.013202 -0.009742 0.967634
55217611766920 -0.839919 0.359803 -0.609253 -0.258759 -0.010739 -0.049011 0.964638
55217645153478 -0.813832 0.347417 -0.598709 -0.265358 -0.038833 -0.083586 0.959735
55217678489903 -0.808962 0.340392 -0.602027 -0.272444 -0.068139 -0.104461 0.954054
55217711826573 -0.808540 0.332475 -0.605600 -0.280804 -0.090616 -0.114584 0.948582
55217745202323 -0.808938 0.322391 -0.596135 -0.280564 -0.118355 -0.104510 0.946759
55217778538749 -0.817173 0.315619 -0.598651 -0.270714 -0.150729 -0.078732 0.947521
55217811875419 -0.827849 0.309048 -0.600738 -0.252758 -0.178143 -0.045979 0.949876
55217845219811 -0.838789 0.299201 -0.607191 -0.234892 -0.200236 -0.007575 0.951143
55217878556237 -0.851398 0.291903 -0.611082 -0.219269 -0.214603 0.034544 0.951143
55217911892907 -0.863800 0.285184 -0.615309 -0.206707 -0.218012 0.075164 0.950838
55217945186181 -0.874935 0.277603 -0.615091 -0.191305 -0.214725 0.121176 0.950059
55217978522606 -0.890514 0.270969 -0.617509 -0.169102 -0.206313 0.178606 0.947069
55218011801257 -0.903693 0.264275 -0.618483 -0.141390 -0.201946 0.236236 0.939904
55218045137927 -0.917667 0.257174 -0.620687 -0.129119 -0.182516 0.290534 0.930380
55218078474353 -0.930638 0.250874 -0.621840 -0.116504 -0.160342 0.342205 0.918484
55218111811023 -0.942744 0.245209 -0.622033 -0.093594 -0.147177 0.394144 0.902347
55218145198361 -0.954907 0.241286 -0.621441 -0.076452 -0.132452 0.445030 0.882360
55218178534787 -0.965072 0.234715 -0.622662 -0.070573 -0.115569 0.493665 0.859045
55218211871456 -0.974190 0.227878 -0.623331 -0.066196 -0.099624 0.542019 0.831811
55218245156519 -0.983322 0.224337 -0.619043 -0.046298 -0.087792 0.590747 0.800729
55218278492945 -0.990818 0.219398 -0.616450 -0.021285 -0.080367 0.633891 0.768941
55218311829615 -0.997340 0.215505 -0.614900 -0.007850 -0.075168 0.670577 0.737980
55218345096154 -1.001477 0.210691 -0.615304 0.000332 -0.070826 0.701544 0.709098
55218378432580 -1.006346 0.207206 -0.612638 0.013106 -0.065165 0.731940 0.678119
55218411769250 -1.010281 0.203463 -0.608836 0.023856 -0.057157 0.760839 0.645978
55218445056889 -1.010712 0.194930 -0.613917 0.032814 -0.053445 0.782755 0.619162
55218478393314 -1.016029 0.193797 -0.611566 0.042062 -0.057464 0.798087 0.598319
55218511729984 -1.022663 0.194081 -0.609254 0.052274 -0.065256 0.808576 0.582420
55218545145009 -1.029401 0.194582 -0.606836 0.068835 -0.077225 0.815299 0.569725
55218578481435 -1.038457 0.197420 -0.604118 0.095529 -0.095101 0.817250 0.560297
55218611818105 -1.048285 0.201176 -0.601842 0.121111 -0.117554 0.815651 0.553378
55218645339500 -1.059576 0.209588 -0.596698 0.146566 -0.142013 0.810620 0.548859
55218678675926 -1.071696 0.215742 -0.593516 0.162035 -0.163179 0.798479 0.556371
55218712012596 -1.084082 0.222286 -0.589781 0.172321 -0.181692 0.782792 0.569675
55218745288015 -1.102557 0.223246 -0.590037 0.200618 -0.207438 0.767344 0.572630
55218778624440 -1.113316 0.227415 -0.587244 0.235409 -0.238744 0.750365 0.569681
55218811961110 -1.123088 0.230013 -0.584258 0.272344 -0.269273 0.734003 0.560857
55218845250507 -1.132272 0.231507 -0.583227 0.302257 -0.301174 0.719971 0.547335
55218878586933 -1.139688 0.232168 -0.581547 0.333564 -0.333450 0.704384 0.530462
55218911935522 -1.148538 0.231994 -0.580385 0.371383 -0.362833 0.683981 0.512441
55218945272192 -1.155659 0.232417 -0.577556 0.387168 -0.384473 0.666715 0.507712
55218978608618 -1.162631 0.233228 -0.574288 0.398779 -0.402796 0.647998 0.508752
55219011945287 -1.169146 0.233219 -0.571078 0.420826 -0.420495 0.628106 0.501569
55219045303287 -1.174276 0.232351 -0.569099 0.447892 -0.437330 0.609556 0.486391
55219078639713 -1.179256 0.229794 -0.567700 -0.474334 0.451560 -0.593906 -0.467308
55219111976383 -1.184019 0.226077 -0.566627 -0.496010 0.459591 -0.580991 -0.452990
55219145370755 -1.188952 0.223549 -0.572493 -0.501723 0.461038 -0.576680 -0.450730
55219178707181 -1.192304 0.217809 -0.575682 -0.488629 0.455809 -0.585478 -0.459015
55219212070879 -1.195236 0.212165 -0.582309 0.464047 -0.448870 0.600077 0.472318
55219245407549 -1.197782 0.206430 -0.588938 0.434227 -0.440857 0.614108 0.489861
55219278743974 -1.200289 0.201081 -0.596821 0.390825 -0.430260 0.629160 0.516033
55219312080644 -1.202714 0.196272 -0.605590 0.336453 -0.416647 0.641370 0.549408
55219345213058 -1.203875 0.191455 -0.611331 0.293039 -0.407219 0.645939 0.575381
55219378549484 -1.206937 0.187908 -0.620783 0.256622 -0.402837 0.642977 0.598705
55219411886154 -1.209629 0.185762 -0.631174 0.207856 -0.397680 0.634670 0.629158
55219445236537 -1.214235 0.184056 -0.641066 0.164494 -0.394660 0.621910 0.656059
55219478572963 -1.217019 0.182326 -0.651247 0.133513 -0.394820 0.606609 0.676991
55219511909633 -1.220106 0.180791 -0.660927 0.101170 -0.390937 0.588247 0.700641
55219545204454 -1.223176 0.181026 -0.671507 0.060956 -0.386189 0.564257 0.727156
55219578540879 -1.224989 0.181374 -0.681602 0.019038 -0.382888 0.534973 0.752887
55219611877549 -1.227501 0.182516 -0.690158 -0.015160 -0.375259 0.503149 0.778327
55219645210858 -1.229680 0.189133 -0.699009 -0.043352 -0.367401 0.467770 0.802701
55219678547284 -1.231538 0.192716 -0.706629 -0.073312 -0.357333 0.426387 0.827727
55219711883954 -1.232060 0.196777 -0.714406 -0.104512 -0.347009 0.379358 0.851322
55219745190129 -1.232270 0.186147 -0.718926 -0.133472 -0.339004 0.330575 0.870622
55219778391458 -1.230727 0.187898 -0.726412 -0.163226 -0.330524 0.283303 0.885353
55219811863224 -1.228213 0.189424 -0.731926 -0.186839 -0.321893 0.236121 0.897621
55219845192215 -1.223475 0.190248 -0.736417 -0.209670 -0.315121 0.187938 0.906320
55219878528641 -1.219018 0.188219 -0.740917 -0.235278 -0.306270 0.143803 0.911133
55219911865311 -1.215147 0.183948 -0.744982 -0.256826 -0.304121 0.108779 0.910889
55219945224020 -1.207727 0.181189 -0.746418 -0.276521 -0.304375 0.079665 0.908045
55219978560446 -1.205323 0.174476 -0.748528 -0.295611 -0.304115 0.054008 0.903997
55220011998981 -1.194756 0.167948 -0.730033 -0.315733 -0.302605 0.028071 0.898863
55220045335651 -1.193028 0.160223 -0.729412 -0.335499 -0.299667 0.000891 0.893107
55220078672076 -1.192051 0.152398 -0.727517 -0.353030 -0.295453 -0.026617 0.887338
55220112008746 -1.192077 0.143883 -0.725083 -0.372169 -0.288990 -0.054656 0.880334
55220145486686 -1.187491 0.135853 -0.707861 -0.389946 -0.280233 -0.080693 0.873441
55220178823112 -1.191268 0.127364 -0.703091 -0.405773 -0.267157 -0.106503 0.867544
55220212030753 -1.188641 0.120743 -0.694531 -0.418958 -0.251960 -0.131671 0.862353
55220245367423 -1.196791 0.112986 -0.688593 -0.430632 -0.236743 -0.152945 0.857389
55220278703849 -1.207173 0.105501 -0.682411 -0.442126 -0.218935 -0.172454 0.852556
55220312040519 -1.219222 0.098961 -0.675347 -0.450233 -0.195519 -0.196076 0.848892
55220345377189 -1.232990 0.092445 -0.667956 -0.458421 -0.169405 -0.221120 0.843954
55220378658590 -1.245291 0.083415 -0.657633 -0.462904 -0.156243 -0.235030 0.840279
55220411995260 -1.261192 0.077734 -0.649472 -0.466329 -0.147536 -0.246404 0.836693
55220445396483 -1.278049 0.073865 -0.640393 -0.470682 -0.133534 -0.261483 0.832018
55220478732909 -1.293893 0.066996 -0.632230 -0.476727 -0.117663 -0.282106 0.824198
55220512069579 -1.309013 0.059206 -0.623817 -0.482919 -0.103258 -0.306295 0.813824
55220545398298 -1.324907 0.050775 -0.614770 -0.490025 -0.084172 -0.330714 0.802134
55220577343369 -1.340242 0.041312 -0.606715 -0.501030 -0.064782 -0.351530 0.788162
55220610680038 -1.355618 0.031795 -0.597744 -0.512802 -0.053678 -0.365728 0.774852
55220644058915 -1.371587 0.021509 -0.587263 -0.520175 -0.050914 -0.372221 0.766992
55220677395341 -1.385543 0.013942 -0.575998 -0.529975 -0.052745 -0.370762 0.760842
55220710732011 -1.398497 0.006769 -0.563648 -0.541582 -0.062647 -0.361697 0.756267
55220744064963 -1.408418 0.000885 -0.552672 -0.551274 -0.074587 -0.348192 0.754517
55220777401389 -1.418198 -0.004686 -0.537779 -0.557030 -0.085035 -0.337507 0.754040
55220810738059 -1.426229 -0.010805 -0.521744 -0.563738 -0.093919 -0.331321 0.750737
55220844212281 -1.433217 -0.014450 -0.504240 -0.572030 -0.102062 -0.323574 0.746770
55220877548706 -1.438934 -0.019631 -0.486322 -0.577534 -0.113724 -0.311270 0.746078
55220910885376 -1.443200 -0.025199 -0.467566 -0.583288 -0.122370 -0.305020 0.742807
55220944181392 -1.447228 -0.030498 -0.446779 -0.591010 -0.126040 -0.302610 0.737054
55220977517818 -1.449784 -0.035278 -0.426518 -0.596774 -0.134453 -0.295403 0.733839
55221010854488 -1.451084 -0.039206 -0.405152 -0.600393 -0.145543 -0.287416 0.731941
55221044180212 -1.450913 -0.042540 -0.382208 -0.604911 -0.153301 -0.281713 0.728848
55221077450383 -1.450784 -0.046124 -0.358829 -0.609839 -0.162092 -0.273408 0.725997
55221110729632 -1.449389 -0.049245 -0.334352 -0.613299 -0.172842 -0.264416 0.723929
55221144008881 -1.446921 -0.052261 -0.308826 -0.615474 -0.180030 -0.260748 0.721658
55221177225553 -1.444583 -0.056399 -0.281675 -0.618294 -0.183744 -0.261201 0.718139
55221210562223 -1.440845 -0.059878 -0.255028 -0.622204 -0.188849 -0.260981 0.713504
55221243921008 -1.436032 -0.062972 -0.227420 -0.624301 -0.198545 -0.260618 0.709159
55221277314855 -1.429889 -0.065767 -0.200258 -0.625318 -0.207888 -0.265296 0.703831
55221310708946 -1.423104 -0.068759 -0.173439 -0.627482 -0.218670 -0.270162 0.696751
55221344103037 -1.415462 -0.071274 -0.147039 -0.628832 -0.235914 -0.271893 0.689195
55221377473311 -1.407693 -0.072214 -0.120934 -0.628421 -0.254640 -0.274420 0.681864
55221410840899 -1.399512 -0.073843 -0.095997 -0.627483 -0.273151 -0.277225 0.674389
55221444142108 -1.390761 -0.076508 -0.070768 -0.626011 -0.294079 -0.279845 0.665819
55221477353327 -1.380923 -0.077811 -0.047765 -0.623482 -0.325302 -0.275387 0.655446
55221510815204 -1.370644 -0.078924 -0.026231 -0.621172 -0.357570 -0.267576 0.643965
55221544289395 -1.360138 -0.080434 -0.008411 -0.620344 -0.381359 -0.262376 0.633165
55221577625821 -1.349607 -0.081516 0.008166 -0.619181 -0.404405 -0.252751 0.623850
55221610962491 -1.338750 -0.082715 0.022154 -0.618784 -0.427936 -0.237048 0.614643
55221644303777 -1.327982 -0.085801 0.035929 -0.619173 -0.452997 -0.215547 0.604118
55221677640202 -1.316006 -0.086773 0.045105 -0.618650 -0.478509 -0.188983 0.593790
55221710976872 -1.303238 -0.087136 0.051503 -0.616768 -0.508236 -0.149929 0.582078
55221744280444 -1.289682 -0.088367 0.051247 -0.611834 -0.539312 -0.100304 0.569860
55221777616870 -1.276296 -0.088330 0.052507 -0.606683 -0.560427 -0.051540 0.561427
55221810953540 -1.262112 -0.088459 0.051752 -0.601118 -0.576665 -0.005017 0.553253
55221844243342 -1.247606 -0.089135 0.050265 -0.594855 -0.587323 0.034943 0.547702
55221877579768 -1.231515 -0.090787 0.045365 -0.590055 -0.591884 0.074150 0.544068
55221910916438 -1.213436 -0.093682 0.038871 -0.587160 -0.593640 0.112066 0.538772
55221944246338 -1.192885 -0.095798 0.030748 -0.585949 -0.592727 0.140820 0.534329
55221977582763 -1.170156 -0.098439 0.022008 -0.587261 -0.589370 0.155230 0.532608
55222010919433 -1.145615 -0.101621 0.012475 -0.590650 -0.586691 0.168827 0.527659
55222044268376 -1.121730 -0.103358 0.000212 -0.591192 -0.588617 0.187223 0.518622
55222077604802 -1.095128 -0.104536 -0.009837 -0.592373 -0.591393 0.197726 0.510150
55222110941472 -1.068083 -0.104780 -0.019446 -0.594113 -0.596115 0.206637 0.498977
55222144483393 -1.039962 -0.105198 -0.024516 -0.597966 -0.600750 0.206766 0.488656
55222177819819 -1.015017 -0.101984 -0.032244 -0.604466 -0.603554 0.200087 0.479905
55222211156488 -0.992656 -0.095168 -0.039771 -0.607663 -0.608814 0.193167 0.471993
55222244582975 -0.975603 -0.081330 -0.049319 -0.612469 -0.610434 0.180129 0.468835
55222277919401 -0.960823 -0.064574 -0.058349 -0.612671 -0.609161 0.170262 0.473885
55222311256071 -0.949846 -0.041238 -0.068192 -0.602252 -0.610549 0.170867 0.485105
55222344440805 -0.936707 -0.016934 -0.075438 -0.587274 -0.613136 0.175167 0.498488
55222377698003 -0.928914 0.013373 -0.081933 -0.573810 -0.617879 0.173692 0.508723
55222411113901 -0.920887 0.044851 -0.086891 -0.565264 -0.622083 0.167640 0.515156
55222444567976 -0.911441 0.073707 -0.088856 -0.555348 -0.625840 0.167928 0.521260
55222477904401 -0.905243 0.108140 -0.092350 -0.539369 -0.633721 0.181065 0.524113
55222511241071 -0.899149 0.144244 -0.094411 -0.519678 -0.646208 0.194697 0.523873
55222544560343 -0.892353 0.180695 -0.093402 -0.501651 -0.656743 0.197200 0.527396
55222577896769 -0.887491 0.217818 -0.093016 -0.485525 -0.665286 0.193673 0.533058
55222611233439 -0.883633 0.253927 -0.092173 -0.468979 -0.675227 0.196440 0.534358
55222644654690 -0.875436 0.288907 -0.090830 -0.452205 -0.686438 0.204196 0.531618
55222677991116 -0.872236 0.321384 -0.089124 -0.436711 -0.697606 0.212152 0.526898
55222711327786 -0.869497 0.350859 -0.087190 -0.421410 -0.708791 0.221706 0.520457
55222744717419 -0.871330 0.376471 -0.084687 -0.406649 -0.718527 0.231964 0.514343
55222778053844 -0.869362 0.397131 -0.082640 -0.394855 -0.725500 0.240186 0.509950
55222811390514 -0.866524 0.412574 -0.080352 -0.385124 -0.731877 0.244833 0.506055
55222844897875 -0.863470 0.422318 -0.076374 -0.378765 -0.736864 0.244022 0.504005
55222878910102 -0.858321 0.424563 -0.073888 -0.377234 -0.739142 0.241247 0.503153
55222912763561 -0.852452 0.420008 -0.071604 -0.377087 -0.740006 0.238539 0.503285
55222946250340 -0.840508 0.412551 -0.070455 -0.378655 -0.738916 0.233014 0.506289
55222979812033 -0.832798 0.396649 -0.068290 -0.383788 -0.735396 0.222673 0.512168
55223013294463 -0.824546 0.375655 -0.066379 -0.392758 -0.729898 0.211337 0.518002
55223046691342 -0.818240 0.351998 -0.065593 -0.402600 -0.723554 0.203995 0.522273
55223080063104 -0.810828 0.324589 -0.064010 -0.413230 -0.717584 0.196037 0.525246
55223113435110 -0.804233 0.295335 -0.062283 -0.427058 -0.708428 0.180871 0.532013
55223146774503 -0.802394 0.270993 -0.062865 -0.441788 -0.696580 0.163305 0.541230
55223180075593 -0.798833 0.240108 -0.061711 -0.455369 -0.686154 0.152611 0.546390
55223213381344 -0.796214 0.209440 -0.060378 -0.468432 -0.676366 0.140926 0.550673
55223246595749 -0.795142 0.177979 -0.060166 -0.481952 -0.665603 0.126324 0.555641
55223279755494 -0.795050 0.149080 -0.059988 -0.494471 -0.654226 0.113709 0.560853
55223312853646 -0.795825 0.121920 -0.060651 -0.505704 -0.644447 0.102484 0.564312
55223345845923 -0.794309 0.094863 -0.061167 -0.515524 -0.636596 0.090148 0.566440
55223378718564 -0.796980 0.072351 -0.064976 -0.525499 -0.626181 0.074142 0.571183
55223411441055 -0.796817 0.050180 -0.067585 -0.535129 -0.615202 0.061332 0.575676
55223444442033 -0.802631 0.032572 -0.076378 -0.540225 -0.607663 0.058516 0.579204
55223477778459 -0.809570 0.017717 -0.087408 -0.543712 -0.597131 0.047745 0.587821
55223511115129 -0.817770 0.004509 -0.100716 -0.548786 -0.583125 0.034546 0.598001
55223544464737 -0.829147 -0.006561 -0.115120 -0.549608 -0.573722 0.035961 0.606202
55223577801162 -0.840388 -0.016469 -0.132413 -0.550558 -0.566531 0.041846 0.611700
55223611132362 -0.851054 -0.024416 -0.150229 -0.554768 -0.555609 0.039236 0.618055
55223644469032 -0.864279 -0.031327 -0.170248 -0.559225 -0.541996 0.033780 0.626391
55223677805458 -0.879508 -0.036158 -0.191795 -0.560085 -0.530465 0.037161 0.635241
55223711142128 -0.895575 -0.039369 -0.214317 -0.559001 -0.521988 0.042909 0.642811
55223744487209 -0.912008 -0.039087 -0.237329 -0.559382 -0.510738 0.041599 0.651543
55223777823635 -0.930314 -0.040515 -0.261750 -0.559427 -0.497129 0.039026 0.662103
55223811160304 -0.950141 -0.041756 -0.287185 -0.557780 -0.486199 0.043014 0.671298
55223844639488 -0.971240 -0.042382 -0.313785 -0.556124 -0.475384 0.047372 0.680068
55223877975914 -0.992786 -0.044576 -0.341822 -0.556637 -0.463321 0.048820 0.687826
55223911312584 -1.015251 -0.046743 -0.370570 -0.556448 -0.453694 0.052590 0.694091
55223944627497 -1.037519 -0.051773 -0.399564 -0.555612 -0.445284 0.057363 0.699805
55223977963923 -1.061951 -0.054199 -0.427423 -0.554768 -0.436295 0.064139 0.705525
55224011300593 -1.086612 -0.056625 -0.453875 -0.552133 -0.429483 0.072819 0.710909
55224044581817 -1.110834 -0.062324 -0.480279 -0.552506 -0.421575 0.077320 0.714866
55224077918242 -1.134045 -0.066084 -0.502658 -0.554565 -0.411800 0.081539 0.718491
55224111254912 -1.156399 -0.070549 -0.522219 -0.556880 -0.404416 0.090013 0.719881
55224144609912 -1.177299 -0.074727 -0.537328 -0.562082 -0.396596 0.096994 0.719282
55224177946338 -1.197665 -0.078862 -0.550422 -0.566302 -0.386938 0.104194 0.720225
55224211283008 -1.217311 -0.081835 -0.559730 -0.567155 -0.379153 0.116766 0.721764
55224244510404 -1.243182 -0.088504 -0.576025 -0.568301 -0.375622 0.128264 0.720757
55224277846830 -1.258786 -0.089726 -0.578219 -0.574433 -0.370813 0.130308 0.718014
55224311183500 -1.273155 -0.089352 -0.577046 -0.579784 -0.365585 0.130052 0.716439
55224344578347 -1.286410 -0.087239 -0.573789 -0.580635 -0.364589 0.133720 0.715581
55224377914772 -1.297590 -0.084229 -0.566786 -0.581512 -0.365101 0.135026 0.714362
55224411251442 -1.307362 -0.080209 -0.557012 -0.583098 -0.365204 0.132027 0.713576
55224444509440 -1.316507 -0.075309 -0.544773 -0.583880 -0.368126 0.128188 0.712134
55224477845866 -1.323867 -0.069010 -0.530280 -0.580355 -0.377309 0.124659 0.710834
55224511182536 -1.329507 -0.061270 -0.513727 -0.574533 -0.389488 0.113046 0.710937
55224544553368 -1.332704 -0.052725 -0.494793 -0.568443 -0.402025 0.090027 0.712140
55224577889794 -1.335587 -0.043598 -0.474591 -0.560510 -0.416551 0.060730 0.713180
55224611226463 -1.337435 -0.034062 -0.452759 -0.547902 -0.438686 0.029539 0.711678
55224644578280 -1.339651 -0.024625 -0.429520 -0.532566 -0.461808 0.000497 0.709300
55224677914706 -1.341833 -0.016493 -0.405089 -0.518584 -0.483991 -0.033282 0.704071
55224711251376 -1.343647 -0.009261 -0.379075 -0.502164 -0.506726 -0.073358 0.696907
55224744637289 -1.344487 -0.003475 -0.351341 -0.486389 -0.522675 -0.121956 0.689466
55224777973715 -1.346391 -0.000223 -0.322766 -0.467713 -0.529698 -0.182815 0.683551
55224811328093 -1.350866 0.001293 -0.294404 -0.447442 -0.541773 -0.242532 0.668921
55224844664763 -1.353607 -0.001724 -0.265065 -0.433163 -0.552195 -0.296551 0.647695
55224878001188 -1.358548 -0.004568 -0.235844 -0.415476 -0.566374 -0.336513 0.627183
55224911337858 -1.365379 -0.006492 -0.206172 -0.391539 -0.584095 -0.368107 0.608299
55224944603166 -1.372361 -0.008236 -0.177267 -0.366308 -0.599598 -0.397624 0.590081
55224977939592 -1.381687 -0.011501 -0.148794 -0.342246 -0.610633 -0.424865 0.574008
55225011276262 -1.392411 -0.015096 -0.120946 -0.318366 -0.621293 -0.448014 0.558499
55225044520266 -1.402973 -0.020571 -0.093309 -0.294675 -0.631376 -0.471846 0.540271
55225077856692 -1.415869 -0.024130 -0.066141 -0.270091 -0.641787 -0.493437 0.521229
55225111193362 -1.429910 -0.027239 -0.040398 -0.244304 -0.648957 -0.511194 0.507791
55225144382707 -1.442942 -0.033039 -0.012939 -0.220768 -0.658522 -0.524925 0.492000
55225177719132 -1.457691 -0.038458 0.011599 -0.200173 -0.668440 -0.539296 0.471463
55225211055802 -1.472872 -0.045432 0.035357 -0.178420 -0.671341 -0.558794 0.453008
55225244390940 -1.488459 -0.052163 0.060848 -0.157815 -0.675800 -0.574901 0.433448
55225277727366 -1.504855 -0.059921 0.082768 -0.140625 -0.684618 -0.586679 0.409061
55225311064036 -1.521579 -0.068455 0.103638 -0.123589 -0.689582 -0.600716 0.385154
55225344341423 -1.537553 -0.078534 0.124077 -0.103514 -0.690801 -0.616848 0.362736
55225379069204 -1.555972 -0.086998 0.143228 -0.085365 -0.693868 -0.629947 0.338271
55225412405873 -1.574433 -0.093517 0.160061 -0.067782 -0.699392 -0.637576 0.315836
55225445722381 -1.593349 -0.099398 0.175834 -0.048980 -0.702146 -0.645894 0.295658
55225479058807 -1.611831 -0.105116 0.189316 -0.033509 -0.704047 -0.653398 0.276163
55225512395477 -1.630267 -0.109510 0.201107 -0.021452 -0.709311 -0.656042 0.256956
55225545741161 -1.648596 -0.112319 0.211095 -0.009598 -0.713933 -0.658463 0.237977
55225579077587 -1.666328 -0.116275 0.220155 0.001735 -0.716282 -0.662260 0.219883
55225612360706 -1.683090 -0.119395 0.227702 0.010814 -0.719588 -0.664165 0.202387
55225645751895 -1.700239 -0.121007 0.234492 0.019985 -0.722435 -0.665216 0.187553
55225679088320 -1.714545 -0.122625 0.239191 0.028157 -0.724601 -0.666252 0.173978
55225712424990 -1.727180 -0.123428 0.242296 0.034217 -0.727246 -0.666129 0.161910
55225745759808 -1.737471 -0.124019 0.243620 0.038605 -0.729114 -0.666160 0.152097
55225779096234 -1.746148 -0.123623 0.243221 0.039885 -0.731672 -0.665006 0.144335
55225812432904 -1.752497 -0.122669 0.241050 0.036582 -0.735884 -0.662079 0.137068
55225845781523 -1.758062 -0.121667 0.237716 0.034454 -0.738936 -0.660007 0.131061
55225879117949 -1.759477 -0.120803 0.232261 0.034771 -0.737947 -0.661357 0.129741
55225912365627 -1.757751 -0.119168 0.224839 0.032034 -0.738131 -0.661189 0.130252
55225945855694 -1.754278 -0.116907 0.216347 0.027627 -0.739728 -0.658721 0.134633
55225979192119 -1.747133 -0.114042 0.204861 0.022039 -0.740611 -0.656690 0.140599
55226012528789 -1.737674 -0.111098 0.191432 0.016370 -0.739862 -0.655717 0.149568
55226045891494 -1.725862 -0.107677 0.175908 0.009314 -0.738954 -0.654257 0.160648
55226079227920 -1.712656 -0.104037 0.158578 0.000944 -0.738639 -0.651498 0.173093
55226112564590 -1.697805 -0.100645 0.139380 -0.008853 -0.737076 -0.649260 0.187357
55226145901260 -1.681796 -0.097248 0.118400 -0.019512 -0.735581 -0.646187 0.202440
55226179216703 -1.663941 -0.094267 0.095875 -0.030619 -0.733889 -0.642519 0.218263
55226212553372 -1.646284 -0.091254 0.071523 -0.042403 -0.731354 -0.639009 0.234503
55226245938137 -1.629254 -0.087809 0.046509 -0.055375 -0.728690 -0.634646 0.251333
55226279274563 -1.611145 -0.084629 0.018857 -0.069411 -0.726681 -0.628787 0.267849
55226312611233 -1.593251 -0.081583 -0.010018 -0.082631 -0.723765 -0.623199 0.284535
55226345967924 -1.575950 -0.078271 -0.040302 -0.096155 -0.720319 -0.617301 0.301387
55226379304350 -1.558508 -0.075830 -0.071112 -0.111481 -0.716599 -0.611461 0.316502
55226412641020 -1.541382 -0.073687 -0.102231 -0.126517 -0.711063 -0.607188 0.331220
55226446017327 -1.524326 -0.072411 -0.133279 -0.139462 -0.705225 -0.601766 0.347973
55226479353752 -1.507681 -0.070200 -0.164316 -0.153704 -0.699841 -0.595048 0.364025
55226512690422 -1.491163 -0.068640 -0.195035 -0.169125 -0.693301 -0.589396 0.378606
55226546027293 -1.475015 -0.066997 -0.225605 -0.185459 -0.685355 -0.585137 0.391802
55226579363719 -1.459443 -0.065392 -0.255388 -0.202259 -0.676923 -0.580754 0.404465
55226612700389 -1.444440 -0.062898 -0.284494 -0.218344 -0.670007 -0.573406 0.417879
55226646071958 -1.429437 -0.060506 -0.312571 -0.233342 -0.663833 -0.564105 0.432045
55226679408384 -1.414388 -0.058470 -0.340136 -0.247420 -0.657022 -0.554821 0.446406
55226712745054 -1.399068 -0.057429 -0.366977 -0.262318 -0.651181 -0.543955 0.459637
55226746118181 -1.383347 -0.058095 -0.392715 -0.277875 -0.645999 -0.532862 0.470667
55226779454606 -1.367065 -0.059554 -0.417833 -0.293421 -0.639587 -0.522860 0.481092
55226812791276 -1.350059 -0.061486 -0.442117 -0.307824 -0.633974 -0.511445 0.491676
55226846148581 -1.331819 -0.063496 -0.465436 -0.323082 -0.629663 -0.498552 0.500588
55226879485007 -1.312255 -0.066357 -0.486770 -0.335820 -0.625361 -0.487699 0.508231
55226912821677 -1.291240 -0.069134 -0.506126 -0.344085 -0.619058 -0.480490 0.517205
55226946135005 -1.268596 -0.071610 -0.524998 -0.352315 -0.615138 -0.471788 0.524306
55226979471431 -1.243972 -0.074021 -0.541343 -0.360391 -0.614498 -0.460436 0.529630
55227012808100 -1.217400 -0.075722 -0.555079 -0.364863 -0.615102 -0.451049 0.533927
55227046265961 -1.189082 -0.077298 -0.566412 -0.370052 -0.614949 -0.444524 0.536002
55227079602387 -1.159223 -0.078681 -0.576429 -0.375981 -0.614662 -0.438513 0.537155
55227112939057 -1.128732 -0.079226 -0.584350 -0.380847 -0.617242 -0.431471 0.536471
55227146075909 -1.096750 -0.081287 -0.590464 -0.387594 -0.619079 -0.424831 0.534818
55227179412335 -1.065028 -0.080651 -0.594784 -0.393358 -0.621890 -0.421286 0.530133
55227212749005 -1.033069 -0.078606 -0.597849 -0.397687 -0.625863 -0.416715 0.525822
55227246109812 -1.001622 -0.075132 -0.599952 -0.401080 -0.631160 -0.409300 0.522729
55227279446237 -0.969790 -0.071577 -0.600392 -0.402756 -0.636007 -0.405983 0.518132
55227312782907 -0.938023 -0.067405 -0.599668 -0.402599 -0.640460 -0.404657 0.513788
55227346119577 -0.906888 -0.062222 -0.598194 -0.401324 -0.647173 -0.400109 0.509920
55227379520932 -0.877069 -0.055811 -0.596231 -0.400916 -0.656935 -0.393841 0.502586
55227412857602 -0.848486 -0.051690 -0.592755 -0.402870 -0.667945 -0.389166 0.489994
55227446200631 -0.821205 -0.047899 -0.588531 -0.403012 -0.679420 -0.385432 0.476878
55227479537057 -0.797857 -0.044046 -0.584433 -0.403202 -0.691645 -0.378974 0.464148
55227512873727 -0.777947 -0.040056 -0.580350 -0.402126 -0.706459 -0.369447 0.450243
55227546248639 -0.762829 -0.036804 -0.576663 -0.400621 -0.719426 -0.360250 0.438347
55227579585064 -0.751308 -0.033339 -0.573765 -0.399185 -0.730739 -0.354428 0.425502
55227612921734 -0.743994 -0.030269 -0.571400 -0.395211 -0.738002 -0.357311 0.414114
55227646272428 -0.739917 -0.028043 -0.570293 -0.392364 -0.739161 -0.369580 0.403859
55227679608854 -0.741946 -0.026578 -0.571604 -0.389211 -0.734646 -0.382538 0.403082
55227712945524 -0.748506 -0.024286 -0.575466 -0.384729 -0.738127 -0.381373 0.402128
55227746365673 -0.758314 -0.021937 -0.582100 -0.381772 -0.745498 -0.372374 0.399776
55227779702099 -0.771538 -0.020779 -0.589728 -0.377599 -0.749758 -0.368514 0.399349
55227813038768 -0.787130 -0.020625 -0.598624 -0.373257 -0.749061 -0.371910 0.401585
55227846313230 -0.806719 -0.021608 -0.607594 -0.367220 -0.751083 -0.373828 0.401592
55227879649656 -0.827182 -0.020602 -0.617746 -0.357557 -0.754562 -0.376272 0.401509
55227912986326 -0.849274 -0.020744 -0.628220 -0.349362 -0.755582 -0.383667 0.399802
55227946400751 -0.873813 -0.021432 -0.637858 -0.342034 -0.757505 -0.390625 0.395740
55227979737177 -0.899048 -0.022805 -0.648620 -0.333577 -0.761877 -0.395944 0.389227
55228013073847 -0.925475 -0.025848 -0.659292 -0.327172 -0.764593 -0.405147 0.379753
55228046378114 -0.952205 -0.029822 -0.669821 -0.321304 -0.764175 -0.419004 0.370454
55228079714539 -0.978952 -0.034093 -0.680873 -0.316151 -0.765323 -0.428926 0.361041
55228113051209 -1.005621 -0.038448 -0.692065 -0.312792 -0.768330 -0.435392 0.349662
55228146365579 -1.031818 -0.043593 -0.703298 -0.308273 -0.770212 -0.444160 0.338323
55228179702005 -1.058752 -0.048726 -0.713487 -0.302287 -0.768987 -0.459111 0.326340
55228213038675 -1.085536 -0.053769 -0.723778 -0.298944 -0.766498 -0.474818 0.312507
55228246330870 -1.113179 -0.056731 -0.735073 -0.296003 -0.767429 -0.482854 0.300477
55228279667296 -1.139699 -0.058450 -0.747061 -0.293558 -0.768742 -0.487084 0.292589
55228313003966 -1.165747 -0.059404 -0.759262 -0.294116 -0.771682 -0.486822 0.284616
55228346410687 -1.191372 -0.059376 -0.771125 -0.294170 -0.775730 -0.485857 0.275047
55228379747112 -1.217608 -0.060015 -0.781806 -0.289094 -0.775190 -0.493011 0.269155
55228413083782 -1.243918 -0.060651 -0.792092 -0.281590 -0.772963 -0.502147 0.266615
55228446423744 -1.269451 -0.060832 -0.801437 -0.277628 -0.773883 -0.505401 0.261911
55228479760170 -1.295595 -0.061667 -0.810934 -0.276606 -0.777731 -0.503945 0.254290
55228513096840 -1.322037 -0.063228 -0.819370 -0.273415 -0.779174 -0.506620 0.247926
55228546444133 -1.348543 -0.065307 -0.826267 -0.266396 -0.776427 -0.516217 0.244364
55228579780559 -1.375732 -0.067644 -0.833258 -0.259513 -0.774644 -0.523883 0.241095
55228613117228 -1.403353 -0.069341 -0.840207 -0.253984 -0.775410 -0.526614 0.238557
55228646484799 -1.431940 -0.071875 -0.847321 -0.250406 -0.776440 -0.529495 0.232536
55228679821225 -1.460294 -0.074198 -0.853026 -0.246845 -0.777894 -0.532620 0.224196
55228713157895 -1.488715 -0.076893 -0.858377 -0.242734 -0.778130 -0.537332 0.216491
55228746498118 -1.516796 -0.080227 -0.863439 -0.241698 -0.779049 -0.541779 0.202830
55228779834544 -1.544629 -0.084477 -0.866846 -0.243808 -0.780467 -0.546675 0.180485
55228813171214 -1.571964 -0.089048 -0.869129 -0.245048 -0.780165 -0.553922 0.156410
55228846509380 -1.597011 -0.094427 -0.869385 -0.257688 -0.783805 -0.554690 0.107542
55228879845805 -1.622465 -0.097274 -0.868014 -0.280211 -0.797063 -0.533420 0.040447
55228913182475 -1.645591 -0.097755 -0.868017 -0.302535 -0.806561 -0.507855 -0.003821
55228946579674 -1.665905 -0.098436 -0.867844 -0.324752 -0.810809 -0.485309 -0.040006
55228979916100 -1.683602 -0.100798 -0.866103 -0.344433 -0.810275 -0.468755 -0.071342
55229013252770 -1.698609 -0.103175 -0.863696 -0.364514 -0.808824 -0.451433 -0.095617
55229046483528 -1.712165 -0.105400 -0.860548 -0.386995 -0.808295 -0.425503 -0.125861
55229079819954 -1.723479 -0.106474 -0.855463 -0.404922 -0.806332 -0.404336 -0.149598
55229113156624 -1.732770 -0.108223 -0.849249 -0.416390 -0.801933 -0.398839 -0.156363
55229146421788 -1.741746 -0.111461 -0.843655 -0.429618 -0.796625 -0.393531 -0.161087
55229179758213 -1.747168 -0.112787 -0.835496 -0.447528 -0.792874 -0.375309 -0.173820
55229213094883 -1.750615 -0.114570 -0.827079 -0.466686 -0.787782 -0.359400 -0.180097
55229246445840 -1.751713 -0.116385 -0.817714 -0.485540 -0.781785 -0.344762 -0.184937
55229279782266 -1.752568 -0.116529 -0.808032 -0.497437 -0.777988 -0.333954 -0.189117
55229313118936 -1.752336 -0.116122 -0.797525 -0.504714 -0.775067 -0.328537 -0.191307
55229346455908 -1.746486 -0.115696 -0.784202 -0.508200 -0.773258 -0.328508 -0.189439
55229379792334 -1.742933 -0.115596 -0.772365 -0.509663 -0.771617 -0.333531 -0.183325
55229413129003 -1.737408 -0.115464 -0.760060 -0.509227 -0.770990 -0.339839 -0.175420
55229446559409 -1.731294 -0.113587 -0.747229 -0.508488 -0.770211 -0.344811 -0.171229
55229479895835 -1.721712 -0.113181 -0.733998 -0.509931 -0.768752 -0.346154 -0.170787
55229513232505 -1.709443 -0.112439 -0.721109 -0.511729 -0.768441 -0.344586 -0.169975
55229546604704 -1.696774 -0.111824 -0.706844 -0.512721 -0.769172 -0.343665 -0.165486
55229579941130 -1.679384 -0.110383 -0.694940 -0.514519 -0.770362 -0.338890 -0.164210
55229613277800 -1.659505 -0.108491 -0.683900 -0.515707 -0.772577 -0.332566 -0.163007
55229646600951 -1.637213 -0.107189 -0.673690 -0.516887 -0.774992 -0.328388 -0.156127
55229679937376 -1.612643 -0.105082 -0.665597 -0.517452 -0.777919 -0.324442 -0.147728
55229713274046 -1.586402 -0.102309 -0.659109 -0.515445 -0.782137 -0.322478 -0.136330
55229746579241 -1.559116 -0.099462 -0.653968 -0.510610 -0.787253 -0.324203 -0.120007
55229779915667 -1.530495 -0.096635 -0.650468 -0.504354 -0.792068 -0.328566 -0.101487
55229813252337 -1.501023 -0.094940 -0.648128 -0.499322 -0.794923 -0.334796 -0.081775
55229846611870 -1.470802 -0.094618 -0.647598 -0.498321 -0.796299 -0.337015 -0.063286
55229879948296 -1.440370 -0.093848 -0.647000 -0.495885 -0.798202 -0.338955 -0.045616
55229913284966 -1.410387 -0.092846 -0.646448 -0.488900 -0.800436 -0.345766 -0.026913
55229946595876 -1.379769 -0.092062 -0.649659 -0.474174 -0.802443 -0.362275 -0.000637
55229979932301 -1.351220 -0.090907 -0.649707 -0.453550 -0.803582 -0.384262 0.029859
55230013268971 -1.324144 -0.089803 -0.649256 -0.432864 -0.805517 -0.401410 0.051391
55230046667249 -1.296095 -0.088409 -0.647292 -0.402757 -0.812277 -0.415490 0.073222
55230080003675 -1.271891 -0.087911 -0.645920 -0.375009 -0.823077 -0.417389 0.087747
55230113340345 -1.248850 -0.089155 -0.644801 -0.363118 -0.826048 -0.420048 0.096694
55230146711638 -1.227894 -0.090320 -0.642562 -0.350364 -0.823901 -0.431540 0.110479
55230180048064 -1.207931 -0.093843 -0.639906 -0.333458 -0.820879 -0.447550 0.121087
55230213384733 -1.189263 -0.097817 -0.636452 -0.308535 -0.817733 -0.467554 0.132331
55230246690306 -1.172572 -0.100587 -0.635714 -0.292614 -0.812934 -0.483041 0.142079
55230280026732 -1.154894 -0.103477 -0.631506 -0.278365 -0.814806 -0.484931 0.153121
55230313363402 -1.137721 -0.105624 -0.626491 -0.267884 -0.820322 -0.479294 0.159963
55230346686875 -1.117511 -0.109680 -0.621915 -0.262880 -0.821895 -0.474157 0.174807
55230380023301 -1.099772 -0.115122 -0.615607 -0.263763 -0.814100 -0.481887 0.188294
55230413359971 -1.082477 -0.120960 -0.607807 -0.260467 -0.801419 -0.498111 0.204378
55230446702326 -1.062518 -0.125100 -0.599813 -0.255272 -0.792997 -0.504146 0.227661
55230480038751 -1.047729 -0.124890 -0.593536 -0.239208 -0.791030 -0.496005 0.266514
55230513375421 -1.033946 -0.123469 -0.586684 -0.222100 -0.789649 -0.487454 0.299188
55230546744277 -1.019998 -0.121043 -0.578868 -0.211277 -0.778216 -0.489132 0.332403
55230580080703 -1.007948 -0.118843 -0.571351 -0.203477 -0.767990 -0.488332 0.360999
55230613417373 -0.996317 -0.116272 -0.562884 -0.198928 -0.762405 -0.488250 0.375205
55230646762003 -0.982983 -0.114630 -0.554418 -0.197366 -0.753933 -0.490543 0.389870
55230680098429 -0.973106 -0.110825 -0.546327 -0.193078 -0.748691 -0.487453 0.405675
