# Created at Sat Jul 26 09:15:13 PDT 2025
55202593011277 -0.488998 0.098960 -0.111483
55202622089707 -1.208902 -0.276722 0.081398
55202651163559 -1.096961 -1.209971 0.140499
55202680241746 -0.488539 -1.701107 -0.576504
55202709324631 -0.510072 -1.315651 -1.476767
55202738398911 -0.814131 -1.588250 -1.313818
55202767470933 -0.444099 -0.723112 -1.137431
55202796560166 -0.721279 0.399506 -1.561066
55202825639756 -1.672396 1.448514 -1.309848
55202854717454 -2.124437 2.500577 -0.229380
55202883795579 -1.805565 2.774092 0.686002
55202912872605 -1.282206 1.621084 1.181261
55202941951279 -0.773203 -0.143401 1.928349
55202971022751 0.320704 0.225715 2.319608
55203000103684 0.930042 -1.410793 0.620944
55203029180040 1.229366 -1.837635 -0.989296
55203058264939 1.215164 -1.334893 -1.048856
55203087346360 1.037707 -1.477072 -0.795041
55203116410569 0.474948 -1.206917 0.125991
55203145502854 0.064446 -0.496328 0.286343
55203174580430 0.094684 0.463799 0.252898
55203203658494 -0.713185 2.389094 1.187522
55203232736924 -0.142637 0.314137 0.612240
55203261815354 0.782366 -0.775646 -0.075595
55203290881760 0.169821 -0.724486 0.336892
55203319967088 0.321162 -0.742507 0.248164
55203349036606 0.348040 -1.064127 -0.029016
55203378131150 0.175318 -1.205543 -0.221744
55203407209702 -0.091477 -0.723112 0.016035
55203436286362 -0.101251 0.102473 0.297339
55203465366136 0.156382 0.102778 0.220828
55203494444626 0.172111 -0.096211 0.359952
55203523520799 0.339947 -0.257327 0.524581
55203552600938 0.355371 -0.345292 0.624762
55203581678086 0.088423 -0.459829 0.382096
55203610743760 0.094990 -0.130267 0.259312
55203639822190 0.332922 0.188147 0.412029
55203668900071 0.405920 0.152564 0.655917
55203697992051 0.402102 -0.095142 0.612087
55203727070542 0.298560 0.120646 0.663400
55203756153733 0.237168 0.263283 0.742507
55203785227891 0.431118 0.271988 0.743270
55203814306260 0.384692 0.558484 0.851088
55203843387070 0.213192 0.565508 0.878577
55203872466172 0.191964 0.408211 0.820392
55203901541123 0.076205 0.516639 0.884838
55203930614670 0.158367 0.442114 1.000903
55203959693223 0.356134 0.245873 0.994947
55203988762559 0.282067 0.193339 0.994794
55204017843369 0.230907 0.158061 0.926072
55204046933640 0.104000 0.372781 0.773814
55204076013108 0.102473 0.332616 0.727082
55204105092271 0.260534 0.113163 0.716240
55204134164658 0.242819 0.386525 0.658360
55204163247849 0.208763 0.734413 0.547946
55204192326524 0.188452 0.650266 0.464258
55204221388291 -0.054825 0.235183 0.435089
55204250471482 -0.027642 0.136528 0.419970
55204279556260 0.212581 0.064904 0.312458
55204308631394 0.188605 -0.277791 0.219453
55204337719041 0.203418 -0.771828 0.186925
55204366796982 0.118661 -0.663094 0.060018
55204395878587 0.141110 -0.605520 -0.110414
55204424952928 0.115301 -0.756557 -0.310778
55204454031236 0.031765 -0.591776 -0.425315
55204483110947 0.101251 -0.575588 -0.580017
55204512186021 -0.088117 -0.390343 -0.634078
55204541255662 -0.312916 -0.201433 -0.640339
55204570344957 -0.205556 -0.296422 -0.655611
55204599416550 -0.192881 -0.459982 -0.619417
55204628494980 -0.285274 -0.379653 -0.568716
55204657583603 -0.390648 -0.167377 -0.615447
55204686661118 -0.385609 -0.063835 -0.602924
55204715733140 -0.191201 -0.289397 -0.535423
55204744817490 -0.197157 -0.418748 -0.490525
55204773886216 -0.193186 -0.191812 -0.436921
55204802974656 -0.133169 -0.202960 -0.316886
55204832052720 -0.172417 -0.228616 -0.283747
55204861129013 -0.313374 -0.128740 -0.289245
55204890204636 -0.256869 -0.093310 -0.334601
55204919285508 -0.119882 0.120340 -0.337808
55204948365098 -0.121562 0.175166 -0.210138
55204977445420 -0.102473 -0.026267 -0.117592
55205006524338 -0.038179 -0.096975 -0.109498
55205035603989 -0.076358 -0.009163 -0.088270
55205064684007 0.031001 -0.039554 -0.106901
55205093759385 -0.020617 -0.129962 -0.065363
55205122837937 0.047800 -0.145844 0.021380
55205151911301 0.314748 0.103236 0.047495
55205180993943 0.287107 0.225257 -0.009621
55205210068467 0.131641 0.192117 0.020006
55205239145188 0.109345 -0.152105 0.178373
55205268232834 0.277333 -0.415694 0.375682
55205297296494 0.430507 -0.305738 0.383165
55205326388047 0.429744 -0.195782 0.280540
55205355467698 0.294284 -0.537561 0.310320
55205384535996 0.366672 -0.706007 0.433409
55205413623337 0.468686 -0.708604 0.559553
55205442701707 0.527329 -0.979370 0.628275
55205471770066 0.375224 -1.370171 0.778242
55205500846176 0.240986 -1.354594 0.843605
55205529931443 0.406073 -0.694401 0.831998
55205559008653 0.279013 -0.671341 0.858113
55205588094651 0.248928 -0.983799 0.946688
55205617167161 0.255494 -0.796110 1.050383
55205646253403 0.328951 -0.678824 0.927904
55205675328782 0.332158 -0.832304 0.850019
55205704406479 0.315512 -0.928973 0.954019
55205733488205 0.307113 -1.537395 1.578781
55205762566209 1.181872 -2.489123 1.577101
55205791641404 1.233337 -1.983938 1.540755
55205820723313 0.623083 -0.848339 1.171945
55205849806992 0.266032 -0.430965 0.753502
55205878871812 0.193339 -0.341626 0.574824
55205907962388 0.357509 -0.122937 0.385151
55205937026719 0.266643 -0.023976 0.259312
55205966116929 0.120035 -0.052076 0.127060
55205995194932 -0.016035 -0.217926 0.054520
55206024273545 0.040470 -0.385303 0.215635
55206053352463 -0.096517 -0.163406 0.253509
55206082418260 -0.358120 0.182649 0.289703
55206111510239 -0.071929 -0.448833 0.192423
55206140587998 -0.032834 -0.352317 0.152105
55206169664048 -0.054214 0.204029 0.119882
55206198745408 0.057574 0.135918 0.018784
55206227824204 -0.202807 0.322537 -0.141873
55206256905686 -0.341474 0.461509 -0.202502
55206285981370 -0.077274 0.315512 -0.228158
55206315062364 -0.147982 0.298102 -0.074678
55206344139390 -0.335518 0.314901 -0.033750
55206373217088 -0.391565 0.308792 -0.120646
55206402292588 -0.520763 0.464716 -0.043830
55206431375412 -0.330325 0.410043 0.009468
55206460452744 -0.373391 0.242819 0.023824
55206489534348 -0.546419 0.406378 -0.193644
55206518610154 -0.278860 0.405309 -0.070402
55206547687363 0.329867 -0.469908 -0.134849
55206576768479 0.374460 -0.707382 -0.341932
55206605845811 0.268017 -0.393703 -0.561385
55206634924546 0.192117 -0.142026 -0.848492
55206664003525 0.222050 -0.242055 -0.813367
55206693068711 0.547946 -0.559094 -0.652099
55206722163987 0.866512 -0.886976 -0.666149
55206751226243 0.977537 -1.151481 -0.704175
55206780317490 0.707993 -1.016327 -0.752128
55206809397446 0.318413 -0.727846 -0.619112
55206838474900 0.325591 -0.951270 -0.479987
55206867553025 0.758236 -1.103375 -0.404240
55206896632981 0.912785 -1.014189 -0.375988
55206925697861 0.634536 -0.689820 -0.434325
55206954793137 0.489150 -0.613003 -0.557720
55206983865342 0.536492 -0.500757 -0.493579
55207012935106 0.506560 -0.490067 -0.338877
55207042026292 0.248317 -0.489150 -0.362854
55207071091660 0.096211 -0.292910 -0.388816
55207100186082 -0.031154 0.070555 -0.389732
55207129262070 -0.224035 0.330173 -0.400728
55207158331223 -0.451124 0.407600 -0.152105
55207187420090 -0.516181 0.546266 0.129351
55207216498215 -0.631177 0.566577 0.307571
55207245576463 -0.800844 0.343001 0.423788
55207274656357 -0.907135 0.461203 0.417068
55207303721055 -0.812603 0.922559 0.337503
55207332809739 -0.871399 0.980897 0.419970
55207361892991 -0.835205 0.704022 0.465632
55207390970139 -0.827417 0.878424 0.553291
55207420037278 -0.954172 1.114982 0.430507
55207449114793 -1.005790 1.017549 0.273209
55207478206223 -0.898430 0.862847 0.247859
55207507271591 -0.886671 0.832457 0.135001
55207536367600 -0.951117 0.796416 -0.309098
55207565443589 -0.899346 1.387886 -0.905760
55207594521592 -0.821156 1.652849 -1.030071
55207623599473 -0.647670 1.140944 -1.188133
55207652678208 -0.554513 1.019534 -1.514946
55207681744492 -0.873385 1.412473 -1.949576
55207710824998 -1.194089 1.996918 -2.266921
55207739916123 -1.003499 2.282498 -2.162158
55207768983750 -0.491136 2.196519 -2.194228
55207798073655 -0.310320 2.322204 -2.091145
55207827151475 -0.295048 2.627789 -2.424982
55207856226670 -0.540005 3.295771 -2.231949
55207885308030 -0.177456 2.584571 -1.952020
55207914387620 0.167683 1.829694 -1.918575
55207943466660 -0.055436 1.949576 -1.433090
55207972546311 -0.363312 2.075873 -1.282359
55208001627549 -0.684933 2.263714 -1.550834
55208030702378 -0.735940 2.046857 -1.832443
55208059781662 -0.502895 1.535868 -1.732872
55208088860520 -0.074984 0.838413 -1.663844
55208117924485 0.198531 0.598648 -1.791668
55208147020859 0.071624 0.626748 -1.945911
55208176098863 0.056810 0.248622 -1.970499
55208205176316 -0.088575 0.003360 -2.140319
55208234249680 -0.343001 0.106901 -2.155285
55208263332749 -0.100335 -0.305127 -2.266463
55208292413193 -0.128129 -0.239917 -2.587472
55208321490464 -0.131641 -0.396146 -2.570979
55208350569260 0.185398 -1.492038 -2.070070
55208379651353 0.380569 -1.498147 -1.871844
55208408726670 0.339641 -1.179886 -1.863292
55208437807053 0.466243 -1.001972 -1.552514
55208466884141 0.582460 -1.382846 -1.326036
55208495963364 0.727235 -1.766928 -1.327716
55208525042649 0.457538 -1.483028 -1.365284
55208554121628 0.271224 -1.842064 -1.162477
55208583200059 0.607811 -2.736371 -0.916145
55208612278733 0.830929 -3.296840 -0.388663
55208641356370 1.737301 -3.822642 0.385151
55208670437607 2.370004 -4.188550 0.839940
55208699503586 1.639868 -2.728582 0.493426
55208728594163 0.723112 -1.777771 0.276722
55208757673264 0.851241 -1.673923 0.227853
55208786751694 0.852462 -1.651932 0.221744
55208815830979 0.737925 -1.416749 0.300088
55208844909592 0.682795 -1.342376 0.371559
55208873988145 0.817490 -1.504866 0.591623
55208903068467 1.096809 -1.642769 0.814894
55208932140549 1.115287 -1.742646 0.814589
55208961226731 0.993572 -1.347111 0.504575
55208990304551 0.888045 -1.124145 0.635605
55209019383591 0.864374 -1.375821 0.794278
55209048461777 0.663094 -1.297936 0.808480
55209077540940 0.501826 -0.955393 0.914313
55209106621506 0.620944 -0.948368 1.203557
55209135699570 0.988075 -1.990199 1.407739
55209164777207 1.170876 -2.728888 1.149496
55209193859483 1.084439 -1.899485 1.202946
55209222936631 1.125519 -1.598482 1.505630
55209252011461 0.983340 -2.834568 1.587486
55209281093186 1.065654 -3.215900 1.279305
55209310159104 0.842078 -2.099391 0.946383
55209339247605 0.271682 -0.828486 0.645379
55209368322678 -0.207236 -0.216399 0.507629
55209397408555 -0.352317 -0.634842 0.392328
55209426488938 -0.107970 -0.726930 0.146150
55209455567124 -0.020769 0.165239 -0.079107
55209484645066 -0.352469 0.803135 -0.164323
55209513725449 -0.496328 0.744492 -0.263588
55209542791123 -0.158061 0.088575 -0.342695
55209571882432 0.350179 -0.058490 -0.225409
55209600965989 0.409738 0.626137 -0.352011
55209630040391 0.040164 2.026698 -0.720363
55209659119065 0.028100 2.743243 -1.019534
55209688195725 0.449291 2.955061 -1.200045
55209717278611 0.268781 2.880535 -1.250288
55209746356614 0.188147 3.125645 -1.292133
55209775422227 0.346513 2.940400 -1.258841
55209804517320 0.644157 2.532953 -1.069472
55209833594651 0.575588 2.011579 -0.792750
55209862672471 0.343612 2.038152 -0.759000
55209891754929 0.192575 2.526997 -0.604909
55209920830979 0.103084 2.767220 -0.673784
55209949909226 0.087965 2.478280 -0.748310
55209978988694 -0.137445 2.683989 -0.639118
55210008067429 -0.408669 2.676201 -0.564898
55210037146226 -0.265268 2.266463 -0.560622
55210066226670 -0.237474 2.096489 -0.263130
55210095302232 -0.010996 1.787697 0.023518
55210124386948 -0.051618 1.915826 0.030238
55210153464036 -0.373391 2.074956 0.147982
55210182541550 -0.120799 1.708896 0.434478
55210211620957 -0.024282 1.437824 0.668745
55210240686692 -0.104305 1.538617 0.923170
55210269778489 -0.005498 1.421331 1.111469
55210298846116 -0.178220 1.413542 1.338864
55210327933945 -0.439059 1.170265 1.502881
55210357015977 -0.332005 0.731053 1.613906
55210386095139 -0.196240 0.440281 1.985618
55210415173875 -0.005956 -0.285885 2.361605
55210444253342 0.071319 -0.506713 2.467438
55210473317490 -0.092546 -0.032223 2.372601
55210502407090 -0.138972 0.228922 2.270433
55210531491440 0.195477 0.059865 2.207820
55210560572190 0.203418 0.058796 2.104736
55210589635057 0.098197 0.370948 2.065641
55210618730516 0.071624 0.463799 1.982563
55210647790818 0.013439 0.368657 1.945606
55210676885911 0.022755 0.510225 1.862681
55210705955002 -0.091172 0.844521 1.837024
55210735030930 -0.056963 0.834595 1.979203
55210764126939 0.078954 0.568410 2.165670
55210793201646 0.129351 0.462120 2.333353
55210822281602 0.231212 0.502437 2.447279
55210851360764 0.021838 0.580322 2.340072
55210880439744 -0.110108 0.683100 2.164143
55210909518479 -0.067806 0.884686 2.012648
55210938585618 -0.054520 1.126283 1.988824
55210967677231 0.013439 0.937220 1.986839
55210996757554 0.113774 0.814131 2.019368
55211025832383 0.061850 0.875064 2.028225
55211054914414 0.005803 0.820239 1.934916
55211083979112 0.039859 0.788627 1.855045
55211113070114 0.244041 0.877813 1.914910
55211142152024 0.318108 0.735176 1.914299
55211171227036 0.114537 0.442419 1.696678
55211200312852 -0.104305 0.677908 1.478447
55211229390488 0.042150 1.116204 1.431715
55211258469345 0.330784 0.919963 1.555568
55211287548020 0.509003 0.518625 1.594206
55211316627488 0.527177 0.426078 1.532508
55211345706833 0.292299 0.629955 1.294576
55211374785569 0.065210 0.700662 1.121090
55211403864426 0.091783 0.475100 1.008691
55211432946702 0.083994 0.519083 0.929126
55211462024277 0.005956 0.578948 0.898735
55211491099167 0.004734 0.393397 0.889573
55211520181199 -0.001374 0.162796 0.897361
55211549248154 0.096669 -0.043371 0.967611
55211578343369 0.131794 -0.158061 1.032057
55211607419114 -0.110261 -0.179900 0.822836
55211636495041 -0.255342 -0.064446 0.932639
55211665568405 0.109039 -0.250607 0.945925
55211694645127 0.225715 0.020769 0.644921
55211723736252 -0.540310 0.751212 0.211207
55211752812180 -1.133766 0.952033 0.109039
55211781882248 -1.098336 1.999056 -0.075136
55211810975816 -0.807411 2.224008 -0.160810
55211840053330 -0.248469 1.406517 -0.485027
55211869132737 -0.403629 2.015244 -0.578337
55211898211716 -0.456316 2.357176 -0.915534
55211927292405 -0.086590 1.206612 -1.311680
55211956367600 -0.054672 -0.093157 -1.859779
55211985449876 -0.330936 0.467312 -1.545489
55212014521470 -0.438449 1.604438 -1.693471
55212043607651 -0.281762 0.941649 -2.186745
55212072687607 0.075136 -0.393092 -2.676811
55212101765610 -0.226631 -0.380264 -2.544865
55212130849351 -0.491441 -0.279471 -2.434756
55212159926865 -0.403477 -1.668884 -2.469270
55212188995713 -0.418290 -2.667038 -2.341446
55212218084397 -0.928973 -2.071291 -2.200795
55212247163559 -1.419498 -0.932639 -1.945453
55212276243637 -1.568244 -0.524428 -1.818546
55212305322617 -1.337795 -0.570701 -1.694082
55212334397874 -0.866970 -0.379195 -1.197754
55212363480882 -0.644310 -0.693485 -1.384526
55212392561631 -1.176985 -0.592692 -1.448056
55212421639695 -1.198976 -0.415388 -0.971428
55212450706406 -0.583376 -0.601397 -0.886365
55212479786057 0.007330 -0.401033 -0.602313
55212508878220 -0.076205 -0.494190 -0.327729
55212537957688 -0.710894 -0.029016 -0.264505
55212567036790 -0.698983 -0.206167 -0.153633
55212596117906 -0.344223 -0.741285 -0.126755
55212625196946 -0.583224 -0.676686 -0.251218
55212654275376 -0.496023 -0.559400 -0.317192
55212683354661 0.065057 -0.709215 -0.044288
55212712435532 0.530384 -0.906524 0.115912
55212741515366 0.758695 -0.826959 0.075289
55212770576951 1.262964 -0.468075 0.388205
55212799672288 2.049453 -1.293660 0.715934
55212828748948 2.373822 -1.389413 0.626595
55212857818955 2.238363 -1.237308 0.706007
55212886897019 2.032501 -1.265713 0.779922
55212915977708 1.606728 -1.174388 0.627817
55212945072007 1.291369 -0.796263 0.371101
55212974152634 1.465771 -0.688445 0.209069
55213003228928 1.630857 -1.051605 0.111788
55213032295335 1.719433 -1.466229 0.038943
55213061387925 1.648267 -1.327410 0.118202
55213090468613 1.488679 -1.249678 0.279471
55213119546860 1.389718 -1.581836 0.445321
55213148626633 1.464702 -1.908954 0.580169
55213177705979 1.444238 -1.407434 0.487623
55213206788437 1.106582 -1.303128 0.603993
55213235868394 0.977079 -1.420720 0.836885
55213264944749 0.963182 -1.176679 0.796110
55213294023911 0.970970 -0.910495 0.689056
55213323104905 1.179886 -1.591304 0.860404
55213352179978 1.134071 -2.034334 1.030682
55213381262559 0.777631 -1.565037 0.938747
55213410332505 0.731969 -1.068251 0.776104
55213439421373 1.045954 -0.959669 1.019992
55213468501877 1.370476 -2.023491 1.319774
55213497581711 1.611157 -1.783879 1.107804
55213526659776 1.361619 -0.872926 1.156979
55213555744920 1.096198 -0.428217 1.415375
55213584817674 0.949895 -0.502131 1.719738
55213613899583 1.406517 -0.718072 1.259146
55213642968979 1.500285 -0.713949 1.036944
55213672057725 1.005332 -0.204334 0.902401
55213701138657 0.728457 0.051465 0.862236
55213730215256 0.661414 -0.021380 0.600939
55213759297471 0.589943 -0.109039 0.422871
55213788378586 0.514349 0.049175 0.576962
55213817457139 0.423482 0.063072 0.254578
55213846533616 0.685085 -0.692721 -0.028405
55213875612534 1.127199 -1.326188 -0.289092
55213904699204 0.844368 -0.855669 -0.245110
55213933760361 0.601550 -0.499535 -0.351248
55213962855393 0.545350 -1.078635 -0.712574
55213991937669 0.339030 -1.783574 -0.977079
55214021015610 0.201127 -1.931403 -0.918436
55214050095445 0.143706 -1.354594 -0.791223
55214079176865 0.301615 -1.040914 -0.775799
55214108253708 0.313679 -1.359481 -0.641867
55214137336655 0.366061 -1.431563 -0.573602
55214166413193 0.103694 -0.890183 -0.625068
55214195489609 -0.043371 -0.338877 -0.615447
55214224572190 -0.005498 -0.419512 -0.482125
55214253653245 -0.034667 -0.535576 -0.406378
55214282728623 -0.285427 -0.075900 -0.378431
55214311811448 -0.467006 0.286038 -0.353538
55214340879441 -0.414930 0.450819 -0.328493
55214369971238 -0.435547 0.660498 -0.243124
55214399051011 -0.616821 1.189660 -0.155007
55214428130418 -0.658971 1.329701 0.032070
55214457213120 -0.609338 0.995099 0.255189
55214486291245 -0.674853 0.858418 0.229227
55214515369797 -1.013425 1.477072 -0.160505
55214544449448 -1.200656 1.960114 -0.262672
55214573529038 -1.069472 1.877342 -0.225104
55214602612046 -1.271669 1.658957 -0.398437
55214631688706 -1.580461 1.933083 -0.382096
55214660768723 -1.455692 2.608089 -0.540616
55214689848069 -1.111317 2.502868 -0.972345
55214718929063 -0.983646 2.262950 -1.116967
55214748007981 -0.524581 2.310903 -0.979217
55214777070298 -0.344070 2.086868 -1.148427
55214806155564 -0.394161 2.158340 -1.695151
55214835247788 -0.236558 2.642298 -2.152689
55214864327134 -0.235489 2.691167 -2.174528
55214893405687 -0.231976 2.101682 -2.029447
55214922486314 0.124464 1.465160 -1.947744
55214951554429 0.105069 1.033126 -1.916132
55214980642930 -0.541227 1.008080 -1.992032
55215009726060 -0.661262 1.360397 -1.815186
55215038805588 -0.105680 1.053895 -1.231046
55215067884568 0.087506 0.955241 -1.144609
55215096950364 -0.325286 1.603521 -0.955088
55215126045090 -0.697761 2.007914 -0.828944
55215155111741 -0.577726 1.916284 -0.598801
55215184189805 -0.148288 1.394453 -0.465479
55215213281052 -0.184787 1.086577 -0.200364
55215242351365 -0.436005 1.062600 0.136223
55215271443833 -0.467770 0.931722 0.377515
55215300524277 -0.084758 0.413556 0.378584
55215329603928 0.207694 0.109039 0.308182
55215358680954 -0.028711 -0.003360 0.206472
55215387763230 -0.190895 -0.083078 0.358731
55215416847886 -0.284510 -0.062766 0.609185
55215445923569 -0.040623 -0.419970 0.689514
55215475003159 0.428827 -0.551764 1.117425
55215504082932 0.744187 -0.595441 1.186453
55215533164658 0.542754 -0.357814 1.187675
55215562242905 0.513738 -0.366214 1.077414
55215591321091 0.550084 -0.295048 0.747546
55215620402329 0.531758 -0.332616 0.587958
55215649483384 0.505186 -0.511752 0.470977
55215678562546 0.552680 -0.560316 0.346819
55215707629319 0.629649 -0.671035 0.197768
55215736711899 0.666149 -0.951423 0.092393
55215765802292 0.698677 -1.313818 0.127824
55215794881760 0.749990 -1.725083 0.215941
55215823961533 0.695928 -2.199726 0.237627
55215853041428 0.783282 -2.397341 0.377820
55215882109604 0.608422 -2.154063 0.684475
55215911202988 0.099113 -2.061212 1.003652
55215940281479 -0.406378 -1.970499 1.152245
55215969351792 -0.368352 -1.943010 0.707077
55215998441453 -0.182954 -1.834123 0.732733
55216027521287 -0.416152 -1.824960 0.971276
55216056599473 -0.880104 -1.723709 1.460884
55216085680894 -0.688751 -1.119411 1.286024
55216114761887 -0.055436 -0.961349 1.265407
55216143841050 0.106596 -1.563662 2.087327
55216172917283 0.140652 -1.799609 2.411543
55216202000779 0.332005 -1.158659 2.220648
55216231084031 0.339641 -1.256855 1.857183
55216260147629 0.395841 -1.609172 1.725847
55216289236253 0.795805 -1.970651 1.462411
55216318305833 0.752281 -2.033876 1.208444
55216347398667 0.397826 -2.265699 0.981508
55216376465501 0.405920 -2.558304 0.855211
55216405557969 0.433103 -2.098169 0.696081
55216434627671 0.364076 -1.440420 0.540310
55216463720566 0.374155 -2.187050 0.527940
55216492800522 0.287107 -3.114344 0.561691
55216521879319 0.269544 -2.169030 0.598190
55216550959885 -0.085063 -0.544128 0.463494
55216580041184 -0.564592 0.116828 0.240070
55216609122911 -0.890642 0.399811 0.050396
55216638200364 -0.888809 0.568257 -0.045968
55216667280991 -0.755793 0.625831 -0.095142
55216696360398 -0.743576 -0.152411 -0.188605
55216725440415 -0.846965 -0.314901 -0.128893
55216754517380 -0.640187 -0.296422 -0.033598
55216783600022 -0.176693 -0.630260 -0.006414
55216812668442 -0.087659 -1.464549 -0.024129
55216841759629 -0.506255 -1.550376 -0.033445
55216870840501 -0.859335 -0.464868 -0.151495
55216899920151 -0.985173 0.185703 -0.489914
55216929000351 -1.014189 0.189521 -0.606436
55216958080491 -0.941649 0.027336 -0.674548
55216987144333 -1.197449 0.408363 -1.084897
55217016239915 -1.734857 1.369865 -1.667815
55217045314377 -1.777923 1.633912 -2.047009
55217074405747 -1.615433 1.054659 -2.163532
55217103480393 -1.678963 1.138958 -2.267379
55217132560776 -1.819309 1.695304 -2.347250
55217161640732 -1.820531 1.821142 -2.552958
55217190720688 -1.648420 1.625207 -2.694985
55217219797410 -1.469895 1.214400 -2.819601
55217248880540 -1.665066 1.406670 -2.598926
55217277965562 -1.650405 1.263727 -2.430175
55217307044114 -1.248150 0.725097 -2.533564
55217336121079 -1.164156 0.728457 -2.315332
55217365199143 -1.298241 0.648586 -2.017230
55217394272141 -0.960738 -0.189979 -2.236836
55217423348374 -0.766025 -0.793209 -2.538603
55217452428757 -1.142776 -0.093462 -2.501035
55217481517747 -1.094823 -0.291230 -2.350915
55217510593186 -0.936304 -1.228908 -2.547155
55217539668137 -0.834136 -0.238237 -2.536618
55217568761704 -0.597273 -0.405004 -2.587931
55217597843308 -0.361632 -0.835205 -2.672230
55217626918564 -0.392328 -1.125977 -2.443766
55217656001877 -0.365908 -1.506241 -1.774105
55217685080613 -0.511905 -1.090089 -1.170112
55217714161790 -0.179594 -1.505630 -0.343001
55217743230210 0.592692 -2.105042 0.512974
55217772320969 1.218371 -2.258827 1.059393
55217801402390 1.547016 -1.919644 1.328479
55217830482895 1.511281 -1.782352 1.748602
55217859563584 1.432632 -1.488984 2.039221
55217888642808 1.216233 -0.854753 2.049300
55217917722764 1.316873 -0.581849 2.372601
55217946799485 1.778840 -0.270919 2.837622
55217975871567 2.270739 -0.691805 3.271794
55218004963364 2.112067 -0.574519 2.984229
55218034043382 1.377348 0.666149 3.282179
55218063124009 1.576491 0.388510 3.117551
55218092206834 1.929876 -0.328340 3.087313
55218121283860 1.740966 -0.209069 3.113886
55218150363267 1.195769 0.231671 3.244305
55218179443833 0.770912 0.415388 3.251941
55218208515000 1.143845 0.016646 3.433826
55218237607713 1.689348 -0.725555 3.317151
55218266684800 1.512350 -0.807106 3.027754
55218295765061 0.885907 -0.458607 2.804635
55218324844956 0.634536 -0.316886 2.495384
55218353925034 0.836122 -0.398437 2.525317
55218383005539 1.007011 -0.417832 2.598468
55218412085069 0.773050 -0.137139 2.335032
55218441158616 0.477544 -0.582002 1.826182
55218470245896 0.124158 -0.609949 1.386511
55218499326157 0.071777 -0.905913 1.047023
55218528404465 0.063072 -1.246012 0.828791
55218557489548 0.125686 -1.964085 0.501062
55218586556931 -0.159589 -2.103056 0.273057
55218615633835 -0.305891 -2.106874 0.183870
55218644710923 -0.475559 -1.952631 -0.310778
55218673795090 -0.855669 -1.161408 -1.027323
55218702890611 -0.737162 -1.237002 -1.042441
55218731967515 -0.414319 -2.593734 -0.650571
55218761048081 -0.446695 -2.945287 -0.511905
55218790127854 -0.191201 -3.091742 -0.322842
55218819208237 -0.360563 -2.992323 0.056963
55218848272690 -0.470214 -2.737898 0.330478
55218877368394 -0.092393 -3.530038 0.052076
55218906439377 -0.265421 -2.869998 -0.119424
55218935528977 -0.797790 -1.463786 -0.247095
55218964609299 -0.846048 -1.420873 -0.482278
55218993688707 -0.283594 -2.131614 -0.419817
55219022769944 0.044440 -2.349693 -0.304822
55219051849961 0.299171 -2.418110 -0.049175
55219080931076 0.439212 -2.033418 -0.154854
55219110010178 0.246942 -1.301601 -0.253662
55219139092759 -0.064904 0.110414 -0.050549
55219168173936 -0.224340 1.377501 0.217926
55219197251389 -0.457996 1.945453 0.442419
55219226332016 -0.659887 2.164907 0.334449
55219255411851 -1.036486 2.763402 0.399964
55219284492173 -1.631774 3.768122 0.239306
55219313572190 -1.605201 3.252399 0.127060
55219342652268 -1.352761 2.212249 -0.075900
55219371733567 -1.792126 2.227826 -0.234420
55219400816697 -2.333200 2.808147 -0.426231
55219429893296 -2.137112 2.211943 -0.515723
55219458972092 -1.796555 1.483028 -0.627053
55219488054185 -1.728901 1.634675 -0.851088
55219517134263 -2.061976 2.133447 -0.971276
55219546214707 -2.518597 2.059990 -1.131170
55219575294663 -2.339156 2.092061 -1.273807
55219604373032 -1.916132 1.925905 -1.585653
55219633458909 -1.854281 1.832290 -1.793500
55219662535813 -2.015092 2.031280 -2.029142
55219691613266 -2.200337 2.098475 -2.218663
55219720686936 -2.140319 1.816866 -2.321593
55219749763657 -2.266310 1.720044 -2.146275
55219778847703 -2.084425 1.775022 -2.080149
55219807927232 -1.786323 1.385290 -2.218357
55219837019333 -2.078774 1.471422 -2.178193
55219866101487 -2.026851 1.412320 -1.772426
55219895177964 -1.787697 0.738842 -1.471116
55219924259018 -1.661401 0.522595 -1.224327
55219953339097 -1.574047 0.470061 -1.076345
55219982423325 -1.598024 0.484569 -0.951117
55220011499924 -1.704619 0.606436 -1.014189
55220040579819 -1.589013 0.592081 -1.074665
55220069650376 -1.542129 0.760527 -1.071763
55220098740830 -1.702329 0.779769 -1.024726
55220127819565 -1.574200 0.862542 -0.851699
55220156901963 -1.464091 1.101848 -0.815505
55220185982224 -1.371240 1.273807 -0.767247
55220215061814 -1.142165 1.127504 -0.656680
55220244142320 -1.198976 1.217454 -0.455095
55220273213365 -1.075276 1.342071 -0.416916
55220302298325 -1.091158 1.864361 -0.556040
55220331383530 -1.167516 1.866651 -0.515418
55220360464402 -0.620181 0.905608 -0.335976
55220389546739 -0.462120 0.596052 -0.352164
55220418624741 -0.650113 0.983799 -0.368810
55220447692368 -0.811534 1.156979 -0.517556
55220476790330 -1.040609 1.291369 -0.820697
55220505862412 -0.980897 1.192867 -0.956157
55220534947312 -1.282359 1.517847 -0.742049
55220564026963 -1.532508 1.280832 -0.681115
55220593107407 -1.261131 0.641714 -0.575893
55220622188034 -0.690736 0.195630 -0.415694
55220651268296 -0.587652 -0.185245 -0.133932
55220680348191 -0.543517 -0.839176 -0.035736
55220709428879 -0.273209 -1.206306 0.139125
55220738508958 -0.077427 -1.184315 0.253967
55220767593552 -0.005498 -0.854600 0.100487
55220796669968 -0.248775 -0.747241 -0.088728
55220825737229 -0.319635 -0.804968 0.037568
55220854836534 0.029627 -1.074359 0.196546
55220883898484 -0.023366 -0.930195 0.007025
55220912981187 -0.446695 -0.393703 -0.107970
55220942070297 -0.395383 -0.565814 -0.011759
55220971152268 -0.002443 -0.866665 -0.006261
55221000234910 0.021838 -0.828791 -0.071166
55221029313340 -0.157145 -0.622777 -0.047953
55221058393967 -0.107207 -0.794888 0.053145
55221087471421 0.045815 -0.941038 0.022755
55221116554978 0.005498 -0.626290 -0.097433
55221145622300 -0.109956 -0.274889 -0.167072
55221174710801 -0.297797 -0.221439 -0.189826
55221203796128 -0.201433 -0.436158 -0.235030
55221232877488 -0.069333 -0.514959 -0.445473
55221261960618 -0.159589 -0.249997 -0.646754
55221291037827 -0.265879 -0.350179 -0.687223
55221320119797 -0.108276 -0.760985 -0.797026
55221349199021 0.011912 -0.803288 -0.928668
55221378266099 0.038943 -0.715476 -0.933402
55221407362107 -0.000764 -0.787405 -0.994794
55221436439744 0.088728 -0.912785 -1.096045
55221465521165 0.390801 -1.757612 -1.253037
55221494600999 0.353233 -1.756696 -1.130253
55221523681626 0.112399 -1.336420 -0.891558
55221552759018 0.233198 -1.365742 -0.715323
55221581842515 0.397521 -1.586722 -0.521374
55221610910691 0.449444 -1.860085 -0.327424
55221640003525 0.545045 -2.133447 -0.240223
55221669083726 0.762207 -2.231033 -0.074220
55221698150132 1.183704 -3.022561 0.133016
55221727245286 1.540602 -3.329826 0.311541
55221756325425 1.585653 -2.792265 0.650571
55221785404587 1.516015 -2.579073 0.799928
55221814486558 1.423621 -2.228894 0.667676
55221843564927 1.380097 -1.743562 0.846048
55221872644394 1.408350 -1.688890 1.025337
55221901728074 1.140791 -1.541824 1.119563
55221930809556 0.881173 -1.091616 0.894918
55221959892259 0.408669 -0.406073 0.614989
55221988969712 0.194255 -0.416152 0.691499
55222018036912 0.320552 -1.093143 0.706007
55222047130662 0.137292 -0.841620 0.426384
55222076203172 -0.148746 -0.730900 0.312152
55222105290757 -0.242819 -0.838260 0.261603
55222134372361 -0.655458 -0.327271 0.053298
55222163453904 -0.795041 -0.035888 0.060781
55222192533738 -0.674242 -0.211054 -0.193950
55222221614243 -0.784809 0.311083 -0.248317
55222250695115 -0.432645 0.679893 -0.188910
55222279775437 0.415694 0.357967 -0.450819
55222308842820 0.991587 0.166003 -0.586431
55222337936692 1.023047 0.050244 -0.702190
55222367017075 0.520763 0.190285 -0.840398
55222396082871 0.157298 0.235947 -0.694706
55222425178330 0.481973 0.056810 -0.537867
55222454258835 1.002583 -0.623541 -0.459218
55222483340562 1.045038 -1.114829 -0.619265
55222512419907 0.827112 -0.808480 -0.905913
55222541490525 0.471435 -0.186467 -1.069778
55222570581467 0.455553 -0.168293 -1.036638
55222599661362 0.596510 -0.647823 -0.833831
55222628740159 0.633162 -0.922406 -0.715781
55222657826279 0.553444 -0.946994 -0.633467
55222686903550 0.561232 -1.041067 -0.568868
55222715984299 0.607353 -1.104597 -0.498008
55222745064683 0.568257 -0.881479 -0.405156
55222774145005 0.452498 -0.677908 -0.346513
55222803228257 0.233656 -0.585362 -0.388663
55222832306382 -0.039401 -0.244193 -0.370948
55222861385178 -0.134543 -0.050549 -0.170126
55222890468064 -0.115606 0.021380 -0.107360
55222919548569 -0.162796 0.204334 -0.117592
55222948629014 -0.327118 0.576199 -0.120799
55222977709702 -0.548862 0.762360 -0.016646
55223006791001 -0.541532 0.818254 0.178525
55223035871506 -0.426995 0.622930 0.330936
55223064951402 -0.540616 0.633925 0.320246
55223094033311 -0.820239 1.105666 0.268475
55223123100144 -0.877355 1.463175 0.236710
55223152177414 -0.699441 1.093449 0.439976
55223181278184 -0.617890 0.852004 0.437685
55223210342087 -0.779159 1.050841 0.328340
55223239432542 -0.786489 1.099557 0.343306
55223268517869 -0.655306 1.034958 0.390496
55223297596665 -0.658055 0.858113 0.333532
55223326675461 -0.676075 0.749837 0.182343
55223355758164 -0.756862 1.062142 0.134543
55223384838853 -0.734260 1.180344 0.191354
55223413919602 -0.313068 0.567036 0.367283
55223443000290 -0.026420 0.620028 0.206167
55223472067917 -0.352622 1.343293 -0.000305
55223501165147 -0.199447 1.211498 0.224493
55223530242173 0.390954 0.465327 0.393550
55223559324448 0.386678 0.217468 0.481056
55223588403794 0.029322 0.623388 0.423177
55223617484055 -0.127060 1.019840 0.340252
55223646562120 0.211207 0.800386 0.495717
55223675645798 0.551153 0.390801 0.532827
55223704718125 0.416916 0.410349 0.399506
55223733806687 0.219911 0.872621 0.302226
55223762887742 0.316428 0.954477 0.339030
55223791967637 0.522290 0.551917 0.467159
55223821049363 0.544586 0.505644 0.469450
55223850117417 0.341779 0.698066 0.453415
55223879210923 0.282678 0.560163 0.471435
55223908291489 0.403629 0.343154 0.432340
55223937359665 0.354455 0.365145 0.460745
55223966454270 0.469908 0.268628 0.574213
55223995533433 0.563370 0.098044 0.497397
55224024612168 0.266490 0.277180 0.425162
55224053698411 0.155923 0.446543 0.524122
55224082775925 0.239306 0.136528 0.624610
55224111858201 0.047342 0.028863 0.713032
55224140937485 -0.072693 0.210596 0.700357
55224170001633 0.167224 0.185092 0.756251
55224199101487 0.398742 -0.129351 0.831846
55224228179429 0.196393 -0.254884 0.646601
55224257259446 -0.284205 0.104763 0.417221
55224286324997 -0.326966 0.307265 0.308792
55224315405503 -0.014661 -0.007025 0.262825
55224344506822 0.026725 -0.169057 0.140804
55224373584153 -0.118661 0.006720 0.000611
55224402656052 -0.176387 0.125075 -0.136223
55224431742661 -0.193186 -0.051618 -0.261908
55224460825547 -0.025504 -0.364534 -0.539394
55224489904404 -0.046884 -0.194255 -1.010982
55224518987351 -0.322537 0.197615 -1.451874
55224548054673 -0.328645 0.383623 -1.836414
55224577152085 -0.491136 0.268017 -2.162768
55224606230088 -0.213803 -0.097280 -2.501951
55224635314255 -0.269850 -0.073151 -2.358245
55224664390916 -0.544128 0.006261 -2.592818
55224693471726 -0.625221 0.116370 -2.919783
55224722544846 -0.906066 0.545503 -2.982702
55224751633591 -1.222952 1.461801 -3.253468
55224780714341 -1.243569 1.225548 -3.616169
55224809792160 -1.559692 0.723570 -3.445433
55224838875962 -1.454776 0.451124 -3.060282
55224867955613 -0.693790 0.032070 -2.835331
55224897037644 -0.199753 0.005803 -2.835178
55224926118150 -0.190590 0.042150 -2.744312
55224955199387 -0.244804 0.246790 -2.499355
55224984280076 -0.066890 0.158825 -2.284178
55225013358567 -0.109192 0.164934 -2.323426
55225042442856 -0.171348 -0.007025 -2.420706
55225071522507 0.031918 0.147982 -2.275931
55225100591111 0.159436 0.391717 -2.003027
55225129685166 0.283441 -0.077885 -1.946064
55225158764512 0.112705 -0.312305 -2.016466
55225187846055 -0.289245 0.129045 -2.075262
55225216926804 -0.244346 0.091172 -2.003180
55225246007310 0.074831 -0.356287 -1.942857
55225275088608 -0.037263 -0.594372 -1.912772
55225304169480 -0.259923 -0.224951 -1.956449
55225333249558 -0.313527 -0.102931 -2.025782
55225362329880 -0.171653 -0.332311 -1.869859
55225391398667 0.156229 -0.363770 -1.764026
55225420496263 0.089492 -0.146760 -1.747075
55225449576524 -0.074067 -0.154396 -1.641242
55225478641099 0.112705 -0.333838 -1.398270
55225507735459 0.344375 -0.449750 -1.282664
55225536819565 0.170126 -0.359647 -1.300379
55225565889939 0.072846 -0.351248 -1.244943
55225594977952 0.183565 -0.447612 -1.108110
55225624058640 0.193950 -0.317192 -1.009455
55225653141098 0.132710 -0.272293 -0.941801
55225682220505 0.200211 -0.296881 -0.799775
55225711288315 0.171500 -0.309251 -0.655000
55225740385545 0.130267 -0.248469 -0.518472
55225769453477 0.204640 -0.339030 -0.270002
55225798543809 0.302073 -0.518472 -0.080634
55225827625290 0.224035 -0.381943 -0.119271
55225856705613 -0.091019 -0.020006 -0.111177
55225885786728 -0.082467 -0.091019 0.077427
55225914870591 0.128893 -0.032529 0.302989
55225943951462 0.100182 0.035583 0.459065
55225973031602 0.037568 0.063377 0.531605
55226002110398 -0.080329 0.216857 0.645226
55226031178025 -0.036346 0.220370 0.769079
55226060269882 0.035888 0.221591 0.884227
55226089352769 -0.073304 0.260229 1.002430
55226118434495 -0.053145 0.259007 1.078330
55226147514939 -0.015730 0.262672 1.133461
55226176592453 -0.042761 0.277180 1.159422
55226205670700 -0.086896 0.288023 1.215927
55226234757859 -0.038179 0.251371 1.306488
55226263838425 0.026267 0.174555 1.347721
55226292921555 -0.010996 0.250149 1.303892
55226322000291 -0.033139 0.267254 1.329854
55226351081467 -0.032987 0.146455 1.350318
55226380162400 -0.181274 0.080329 1.325883
55226409242844 -0.200058 0.251218 1.288468
55226438326340 -0.072540 0.303753 1.336115
55226467405259 -0.084605 0.191354 1.377501
55226496485886 -0.211970 0.140041 1.348180
55226525567551 -0.335670 0.107054 1.316415
55226554647935 -0.397368 0.078954 1.328785
55226583726975 -0.260076 0.049786 1.363909
55226612810166 -0.054825 0.062156 1.407586
55226641894700 -0.033903 0.103694 1.386970
55226670959275 -0.027794 0.147524 1.385900
55226700056077 0.047800 -0.035430 1.409572
55226729120957 0.007941 -0.126907 1.345583
55226758215256 -0.105832 -0.090408 1.334893
55226787295640 0.001527 -0.085368 1.300227
55226816376572 0.072082 -0.160963 1.342834
55226845457810 0.055589 -0.332769 1.244180
55226874528123 0.031918 -0.015272 1.024421
55226903621201 0.012370 0.177609 0.879188
55226932700730 0.111177 -0.089492 0.852310
55226961785935 0.268017 -0.273362 0.830471
55226990866074 0.333227 -0.187688 0.601244
55227019943589 0.174249 -0.194866 0.445779
55227049022873 0.007941 -0.213497 0.518625
55227078105759 0.127976 -0.314443 0.347430
55227107186265 0.135459 -0.433867 0.350789
55227136268174 -0.015119 -0.464563 0.359494
55227165348923 -0.099418 -0.499688 0.088575
55227194429673 0.019242 -0.501979 0.100487
55227223514207 0.243277 -0.559247 0.188147
55227252578538 0.147066 -0.505338 -0.002749
55227281671006 -0.003512 -0.324828 -0.183412
55227310754197 0.153480 -0.370948 -0.154396
55227339835190 0.376904 -0.495106 -0.177456
55227368916245 0.262977 -0.800081 -0.238390
55227397993577 0.059865 -1.012509 -0.363770
55227427078049 0.118355 -0.952492 -0.477849
55227456160325 0.211512 -0.975704 -0.402102
55227485239976 0.378126 -1.219440 -0.425315
55227514319260 0.476780 -1.102154 -0.458302
55227543399155 0.340252 -1.037860 -0.343612
55227572470444 0.162337 -0.855975 -0.564592
55227601564804 -0.252135 -0.413403 -0.668897
55227630645554 -0.733038 -0.155312 -0.723417
55227659726609 -0.718530 0.566425 -0.327118
55227688811265 0.120188 0.075747 -0.318413
55227717888230 0.574672 -0.405920 -0.143248
55227746967514 0.530078 -0.335212 -0.169973
55227776041184 0.154091 0.142790 -0.223729
55227805128281 -0.060781 0.311999 -0.212887
55227834215073 0.164170 0.063683 -0.392175
55227863293809 0.218537 0.203113 -0.594219
55227892375351 -0.147219 0.266185 -0.612851
55227921455918 -0.238390 0.096517 -0.605826
55227950536912 -0.030543 -0.009163 -0.741590
55227979619309 -0.192270 -0.186314 -0.751670
55228008699021 -0.571923 -0.097586 -0.826501
55228037777390 -0.704938 0.038790 -0.774272
55228066864915 -0.427758 -0.180511 -0.698372
55228095942063 -0.349568 -0.401338 -0.641714
55228125023728 -0.441503 -0.303753 -0.718378
55228154104844 -0.721585 -0.092852 -0.865443
55228183173081 -1.033889 -0.124922 -0.852615
55228212267747 -0.788627 -0.338267 -0.736093
55228241348252 -0.326049 -0.307418 -0.625373
55228270428452 -0.231823 -0.233351 -0.350637
55228299500901 -0.007483 -0.490525 -0.242819
55228328591111 0.027794 -0.571006 -0.317955
55228357671617 -0.353844 -0.066126 -0.507934
55228386753647 -0.463036 0.354760 -0.566425
55228415823350 -0.259770 0.120646 -0.447459
55228444919785 0.018937 -0.300088 -0.331700
55228473996812 0.075900 -0.431882 -0.323759
55228503077744 -0.238696 -0.050091 -0.450513
55228532160325 -0.523512 0.288787 -0.549321
55228561240525 -0.379958 0.207236 -0.514349
55228590305466 -0.044593 0.144011 -0.391412
55228619402939 -0.127060 -0.098960 -0.382249
55228648482713 -0.156229 -0.224493 -0.504117
55228677569016 -0.212887 -0.222050 -0.496633
55228706643723 -0.294590 -0.175776 -0.508545
55228735711167 -0.393550 -0.708909 -0.575130
55228764811082 -0.548710 -1.124908 -0.743118
55228793889451 -0.687376 -0.934624 -0.790001
55228822970444 -0.877203 -2.215456 -1.040609
55228852051804 -0.058185 -4.373490 -1.352914
55228881120652 0.734413 -3.885103 -0.922406
55228910205430 0.702037 -2.865263 -0.076053
55228939285691 0.485332 -2.797152 -0.164934
55228968379258 0.156992 -2.346486 0.094990
55228997454515 0.413556 -2.084120 0.264657
55229026538560 0.714254 -2.682615 0.115912
55229055616623 0.649808 -2.349540 0.095142
55229084700974 0.229685 -1.225548 0.337961
55229113768845 -0.053145 -0.258854 0.608116
55229142867478 0.384082 -1.420873 0.552833
55229171944626 0.718378 -1.492344 0.490525
55229201012315 0.648586 -1.170876 0.809549
55229230107346 0.642325 -1.152550 0.796110
55229259188096 0.467312 -0.827722 0.463952
55229288253159 0.229380 -0.533896 0.347735
55229317350693 0.123700 -0.161727 0.246179
55229346420579 -0.019548 0.245568 0.284816
55229375515488 -0.091172 0.498008 0.288328
55229404594346 -0.060934 0.570090 0.187841
55229433675095 -0.171195 0.294437 0.119730
55229462758957 -0.061087 0.005345 0.136834
55229491837876 0.104153 -0.098044 0.090713
55229520902512 0.163406 0.142332 0.103694
55229550000351 0.280693 0.044899 0.092088
55229579077439 0.331853 -0.270919 -0.062461
55229608167161 0.426995 -0.002443 -0.017562
55229637243943 0.472199 0.252440 0.103389
55229666328843 0.512516 0.280693 0.050702
55229695407700 0.503353 0.543059 -0.020769
55229724487351 0.488234 0.940732 -0.043830
55229753565476 0.443641 1.118800 -0.062766
55229782650010 0.316734 1.284497 0.012981
55229811717759 0.355218 1.138958 0.238085
55229840816758 0.549626 0.889114 0.310320
55229869877610 0.402866 1.014800 0.144317
55229898974473 0.248775 1.228297 -0.014050
55229928059678 0.000305 2.095726 -0.184634
55229957140733 -0.194408 2.651919 -0.308640
55229986219773 -0.103236 2.258369 -0.569021
55230015299912 -0.310625 1.431105 -0.605826
55230044381882 0.962418 2.883437 -1.781130
55230073450059 0.147524 0.156840 -0.695928
55230102546738 0.263588 1.109331 -0.437685
55230131608384 -0.340557 1.280374 -0.249386
55230160690538 -0.540005 1.283122 -0.567799
55230189784226 -0.607506 1.714393 -1.077719
55230218868272 -0.790001 1.448820 -0.657444
55230247949998 -0.074678 1.045496 -0.416305
55230277030564 0.512058 0.835205 -0.417221
55230306116746 0.786031 0.355829 -0.263741
55230335194016 0.428827 0.826653 0.344681
55230364265183 -0.487929 0.842536 0.484263
55230393356858 -0.914007 1.286330 0.281914
55230422437790 -0.437380 1.319469 0.498008
55230451520432 0.916145 2.177429 0.570395
55230480600449 1.346347 2.289065 0.423788
55230509682175 0.780228 1.711644 0.294284
55230538763718 0.005956 2.440865 0.779464
55230567844040 0.372933 1.471727 0.536034
55230596922104 0.084910 0.864222 0.237627
55230626008531 -0.232587 0.937984 0.422566
55230655088242 0.241444 0.922712 0.405615
55230684169602 0.346055 0.938747 0.351400
55230713247422 -0.189063 1.061531 0.291688
55230742330491 -0.560163 0.294895 0.322995
55230771415940 0.095753 -0.168904 0.129809
55230800494431 0.215025 -0.233351 0.025045
55230829575486 -0.294284 -0.186161 -0.066890
55230858659471 -0.611323 -0.407142 -0.208000
