# Created at Sat Jul 26 09:15:13 PDT 2025
55202593011277 0.225344 -0.140976 -0.650791 0.711208
55202624322129 0.215949 -0.132242 -0.653056 0.713720
55202655640549 0.193565 -0.129264 -0.656464 0.717550
55202686956773 0.170244 -0.139520 -0.665229 0.713457
55202718270981 0.152666 -0.147558 -0.683885 0.698012
55202749582139 0.131276 -0.151866 -0.703812 0.681434
55202780897690 0.118850 -0.152960 -0.719082 0.667382
55202812219102 0.118220 -0.138611 -0.735710 0.652336
55202843529770 0.120712 -0.101594 -0.748713 0.643845
55202874848191 0.128933 -0.051425 -0.747744 0.649315
55202906159897 0.141960 -0.006001 -0.735034 0.662975
55202937476914 0.139193 0.013936 -0.718501 0.681313
55202968780076 0.135065 0.014181 -0.695728 0.705350
55203000103684 0.141808 -0.000873 -0.674242 0.724768
55203031418808 0.134028 -0.031691 -0.683211 0.717116
55203062742112 0.133519 -0.058991 -0.696539 0.702514
55203094055161 0.129848 -0.084724 -0.708441 0.688529
55203125371751 0.123120 -0.105604 -0.711670 0.683531
55203156673081 0.116565 -0.114382 -0.709434 0.685589
55203187999741 0.121212 -0.110137 -0.705517 0.689510
55203219311082 0.136347 -0.081810 -0.691007 0.705143
55203250626328 0.137755 -0.079380 -0.683941 0.712002
55203281947251 0.137367 -0.093959 -0.684366 0.709891
55203313261948 0.131265 -0.104548 -0.681977 0.711862
55203344564256 0.126169 -0.117906 -0.680997 0.711634
55203375893174 0.117342 -0.133460 -0.683854 0.707646
55203407209702 0.106990 -0.145352 -0.687469 0.703429
55203438516404 0.102243 -0.146353 -0.686214 0.705151
55203469832566 0.104219 -0.145898 -0.683030 0.708041
55203501149522 0.105833 -0.147847 -0.679387 0.710897
55203532468613 0.105575 -0.153667 -0.673963 0.714852
55203563773728 0.105084 -0.161793 -0.666812 0.719821
55203595096971 0.101071 -0.168361 -0.662561 0.722809
55203626410020 0.099964 -0.170968 -0.659608 0.725048
55203657731858 0.104779 -0.171970 -0.653779 0.729398
55203689030869 0.109282 -0.175345 -0.645248 0.735504
55203720355820 0.111640 -0.180469 -0.637255 0.740860
55203751674668 0.114646 -0.181900 -0.628230 0.747727
55203782992112 0.118399 -0.182904 -0.618357 0.755091
55203814306260 0.124935 -0.183772 -0.607085 0.762933
55203845622178 0.131455 -0.181002 -0.594527 0.772331
55203876925584 0.135671 -0.179147 -0.582709 0.780993
55203908250596 0.138773 -0.176338 -0.570810 0.789824
55203939561814 0.141651 -0.173481 -0.557349 0.799501
55203970870896 0.145129 -0.175077 -0.543186 0.808230
55204002198716 0.147480 -0.177700 -0.529179 0.816482
55204033513047 0.148773 -0.179907 -0.516089 0.824107
55204064831834 0.150482 -0.178334 -0.504737 0.831139
55204096144883 0.152163 -0.177451 -0.494038 0.837427
55204127460069 0.154341 -0.179485 -0.483495 0.842732
55204158767868 0.158756 -0.176521 -0.473160 0.848385
55204190084214 0.165376 -0.169772 -0.463661 0.853726
55204221388291 0.168592 -0.165648 -0.455901 0.858074
55204252706956 0.167179 -0.164530 -0.449881 0.861736
55204284036423 0.168182 -0.165359 -0.444174 0.864338
55204315351792 0.169165 -0.169797 -0.440502 0.865165
55204346665452 0.166502 -0.180833 -0.438835 0.864292
55204377981126 0.162935 -0.192184 -0.438898 0.862488
55204409294297 0.160504 -0.201561 -0.440988 0.859733
55204440609544 0.157644 -0.211931 -0.446211 0.855061
55204471925156 0.155033 -0.219719 -0.453188 0.849887
55204503245225 0.154001 -0.226511 -0.461892 0.843583
55204534557725 0.151614 -0.228713 -0.471545 0.838063
55204565874070 0.148363 -0.228037 -0.481521 0.833142
55204597184861 0.145258 -0.229668 -0.491280 0.827525
55204628494980 0.140927 -0.232635 -0.500899 0.821657
55204659813767 0.136419 -0.231927 -0.510087 0.816952
55204691132188 0.132450 -0.228768 -0.519739 0.812400
55204722438889 0.129762 -0.227719 -0.528106 0.807719
55204753751816 0.126015 -0.230151 -0.535904 0.802470
55204785072373 0.123004 -0.230511 -0.542848 0.798155
55204816397568 0.120919 -0.230999 -0.547961 0.794831
55204847695909 0.118086 -0.231724 -0.552593 0.791834
55204879019333 0.114478 -0.230243 -0.557593 0.789286
55204910336777 0.112316 -0.228341 -0.562788 0.786457
55204941644395 0.113545 -0.224758 -0.566901 0.784356
55204972971482 0.114249 -0.221636 -0.569492 0.783265
55205004287095 0.113614 -0.221450 -0.571335 0.782066
55205035603989 0.113208 -0.221143 -0.572981 0.781007
55205066918076 0.113414 -0.220703 -0.574452 0.780021
55205098231919 0.113562 -0.221400 -0.575750 0.778843
55205129537705 0.112543 -0.222750 -0.576220 0.778259
55205160851976 0.115678 -0.224192 -0.574938 0.778334
55205192173020 0.121810 -0.224019 -0.573536 0.778482
55205223494187 0.126065 -0.222763 -0.572632 0.778830
55205254809922 0.126313 -0.225219 -0.570589 0.779583
55205286128159 0.125220 -0.232824 -0.566055 0.780830
55205317440293 0.126957 -0.240426 -0.560545 0.782219
55205348749253 0.128917 -0.247676 -0.556202 0.782737
55205380069321 0.126627 -0.257735 -0.552169 0.782718
55205411381943 0.123967 -0.270095 -0.546137 0.783208
55205442701707 0.121161 -0.284776 -0.538593 0.783671
55205474017869 0.113984 -0.304451 -0.530060 0.783169
55205505331284 0.101368 -0.325323 -0.521309 0.782385
55205536648301 0.093624 -0.340332 -0.510819 0.783883
55205567964341 0.088200 -0.351580 -0.499592 0.786779
55205599273728 0.078989 -0.365718 -0.488055 0.788552
55205630588975 0.069652 -0.378850 -0.474971 0.791216
55205661904710 0.062962 -0.390456 -0.462277 0.793650
55205693224167 0.055993 -0.403549 -0.450586 0.794346
55205724530625 0.046240 -0.417971 -0.436815 0.795208
55205755859361 0.029955 -0.443173 -0.415104 0.793970
55205787172654 0.018787 -0.481222 -0.387527 0.786063
55205818486619 0.010895 -0.506821 -0.362150 0.782216
55205849806992 0.005170 -0.517200 -0.346696 0.782483
55205881116746 0.000552 -0.522716 -0.337260 0.782958
55205912430100 -0.000648 -0.526587 -0.329312 0.783747
55205943739610 0.000583 -0.528566 -0.323174 0.784969
55205975063584 0.001155 -0.529873 -0.319928 0.785417
55206006366379 -0.000021 -0.531981 -0.319254 0.784266
55206037694016 -0.003101 -0.535897 -0.316850 0.782567
55206068998826 -0.007275 -0.536696 -0.314662 0.782875
55206100325486 -0.013136 -0.533474 -0.313963 0.785277
55206131640488 -0.017789 -0.538421 -0.312163 0.782522
55206162956650 -0.020829 -0.540426 -0.310607 0.781684
55206194272080 -0.020986 -0.537848 -0.309571 0.783866
55206225586778 -0.020188 -0.535910 -0.310038 0.785029
55206256905686 -0.020576 -0.529463 -0.314561 0.787589
55206288219407 -0.019832 -0.523578 -0.319152 0.789693
55206319536546 -0.018498 -0.519945 -0.321523 0.791162
55206350845994 -0.020441 -0.515088 -0.323977 0.793288
55206382163804 -0.022955 -0.510013 -0.327999 0.794843
55206413479844 -0.026675 -0.502707 -0.332589 0.797470
55206444798325 -0.029316 -0.496114 -0.335369 0.800337
55206476102647 -0.032760 -0.491589 -0.338094 0.801848
55206507425828 -0.035986 -0.484351 -0.344172 0.803527
55206538728562 -0.036398 -0.480644 -0.346453 0.804753
55206570056443 -0.033543 -0.490039 -0.345539 0.799587
55206601370408 -0.029742 -0.500483 -0.347400 0.792430
55206632690843 -0.023091 -0.505751 -0.353452 0.786610
55206664003525 -0.014973 -0.509140 -0.362309 0.780566
55206695318711 -0.007451 -0.515685 -0.367904 0.773731
55206726634324 0.002282 -0.528717 -0.369693 0.764055
55206757952805 0.012781 -0.546618 -0.369784 0.751202
55206789266282 0.022010 -0.563536 -0.371574 0.737479
55206820571152 0.027255 -0.574139 -0.375674 0.726974
55206851895738 0.029873 -0.585314 -0.378946 0.716181
55206883211777 0.035010 -0.600477 -0.377627 0.703988
55206914527756 0.042181 -0.615554 -0.374093 0.692365
55206945839341 0.049178 -0.625709 -0.373604 0.683001
55206977160935 0.056301 -0.633436 -0.375437 0.674268
55207008470444 0.063813 -0.640549 -0.375582 0.666756
55207039776230 0.068958 -0.648041 -0.375436 0.659041
55207071091660 0.072547 -0.652641 -0.378439 0.652366
55207102419053 0.076075 -0.653174 -0.382419 0.649101
55207133732346 0.080258 -0.649281 -0.387673 0.649386
55207165041307 0.081378 -0.642597 -0.393651 0.652292
55207196366624 0.078812 -0.633676 -0.397898 0.658726
55207227681748 0.073597 -0.624199 -0.400493 0.666757
55207258989365 0.063859 -0.615476 -0.403484 0.674027
55207290311325 0.053224 -0.604324 -0.407517 0.682561
55207321629991 0.046707 -0.588472 -0.411057 0.694659
55207352947007 0.039406 -0.572397 -0.413774 0.706824
55207384259629 0.030606 -0.558718 -0.415493 0.717122
55207415559494 0.022460 -0.542279 -0.416525 0.729340
55207446877610 0.015216 -0.523111 -0.420153 0.741347
55207478206223 0.008064 -0.505751 -0.424715 0.750844
55207509505721 0.001583 -0.489694 -0.429076 0.759007
55207540825608 -0.003156 -0.474119 -0.437187 0.764244
55207572153123 -0.000922 -0.453705 -0.452788 0.767550
55207603468186 0.008155 -0.427641 -0.470979 0.771515
55207634783799 0.017319 -0.406549 -0.489514 0.771228
55207666099656 0.028408 -0.388949 -0.510639 0.766264
55207697414048 0.041568 -0.363850 -0.538147 0.759133
55207728730515 0.057550 -0.327613 -0.569605 0.751603
55207760043320 0.077824 -0.289711 -0.597354 0.743760
55207791360032 0.102845 -0.256343 -0.621202 0.733362
55207822677537 0.130554 -0.222945 -0.642546 0.721378
55207853983323 0.163017 -0.181390 -0.663991 0.706852
55207885308030 0.195636 -0.137155 -0.678940 0.694230
55207916624741 0.222185 -0.109387 -0.693178 0.676885
55207947940049 0.245308 -0.084497 -0.703216 0.661945
55207979248582 0.265743 -0.057240 -0.709012 0.650697
55208010571213 0.284856 -0.022902 -0.713957 0.639217
55208041886033 0.299688 0.012649 -0.722721 0.622657
55208073202256 0.311230 0.041433 -0.731511 0.605236
55208104517686 0.318024 0.057777 -0.742760 0.586370
55208135822312 0.323574 0.068549 -0.756254 0.564517
55208167145432 0.327453 0.080923 -0.770515 0.540862
55208198464341 0.325494 0.090733 -0.787188 0.515903
55208229780259 0.320942 0.103300 -0.803817 0.490106
55208261086411 0.314521 0.116957 -0.819748 0.464124
55208292413193 0.303693 0.126520 -0.838620 0.434143
55208323726914 0.294203 0.139524 -0.856500 0.400481
55208355047471 0.275067 0.143961 -0.875115 0.371198
55208386355637 0.250706 0.139121 -0.893018 0.346858
55208417674790 0.230116 0.135202 -0.908490 0.321578
55208448990098 0.214113 0.130389 -0.920780 0.298863
55208480308579 0.195071 0.121065 -0.932155 0.279961
55208511618516 0.170309 0.107477 -0.943960 0.261503
55208542934128 0.147258 0.098354 -0.953791 0.242744
55208574252610 0.117104 0.089025 -0.962536 0.227783
55208605567918 0.076611 0.072086 -0.970288 0.217887
55208636883958 0.028301 0.045217 -0.974685 0.217127
55208668199875 -0.025083 0.001051 -0.973402 0.227724
55208699503586 -0.073642 -0.045589 -0.967107 0.239170
55208730829575 -0.101711 -0.070476 -0.961850 0.243995
55208762150132 -0.124500 -0.088765 -0.956877 0.246995
55208793463791 -0.145180 -0.108251 -0.951313 0.249416
55208824778184 -0.163863 -0.125043 -0.945410 0.252416
55208856081956 -0.180848 -0.140039 -0.939053 0.256636
55208887394822 -0.199567 -0.156012 -0.930759 0.263669
55208918725937 -0.220077 -0.175921 -0.919406 0.274428
55208950041245 -0.241542 -0.196769 -0.906639 0.284508
55208981356309 -0.256646 -0.214413 -0.896240 0.291400
55209012672471 -0.270628 -0.229593 -0.885369 0.300283
55209043988205 -0.288274 -0.243997 -0.872678 0.309511
55209075303818 -0.304559 -0.254074 -0.860712 0.319162
55209106621506 -0.317110 -0.260439 -0.849455 0.331721
55209137935471 -0.337131 -0.271834 -0.831629 0.347625
55209169251389 -0.368829 -0.294051 -0.805568 0.358552
55209200567063 -0.395455 -0.313016 -0.780685 0.369008
55209231866502 -0.415313 -0.326894 -0.756438 0.385301
55209263195176 -0.447668 -0.344525 -0.723460 0.396865
55209294516892 -0.483290 -0.366274 -0.686549 0.401154
55209325830247 -0.505917 -0.381117 -0.659195 0.405290
55209357145737 -0.516310 -0.383683 -0.647104 0.409229
55209388459336 -0.523310 -0.379109 -0.643154 0.410825
55209419777085 -0.533765 -0.377302 -0.637442 0.407929
55209451092026 -0.538707 -0.378833 -0.633837 0.405624
55209482411729 -0.534303 -0.375196 -0.639108 0.406557
55209513725449 -0.526340 -0.366386 -0.650969 0.406161
55209545040696 -0.522052 -0.362060 -0.658953 0.402684
55209576343125 -0.518452 -0.365047 -0.660871 0.401495
55209607671677 -0.510292 -0.369100 -0.663314 0.404205
55209638987900 -0.486969 -0.364504 -0.680343 0.408817
55209670307541 -0.452166 -0.353893 -0.706624 0.413508
55209701619736 -0.409191 -0.346460 -0.732669 0.419196
55209732935166 -0.366075 -0.337884 -0.757345 0.422200
55209764252854 -0.320232 -0.326195 -0.781829 0.424018
55209795565232 -0.274920 -0.316887 -0.801971 0.425259
55209826885606 -0.234692 -0.312301 -0.815420 0.427174
55209858198594 -0.201708 -0.308061 -0.825175 0.428369
55209889514817 -0.167831 -0.298433 -0.835013 0.430725
55209920830979 -0.128727 -0.283480 -0.844859 0.435065
55209952145188 -0.090260 -0.267901 -0.853867 0.437029
55209983462571 -0.053284 -0.250659 -0.861629 0.438095
55210014778245 -0.016645 -0.227210 -0.868411 0.440409
55210046094101 0.015579 -0.206103 -0.873500 0.440769
55210077409836 0.044195 -0.187605 -0.875683 0.442754
55210108715440 0.069156 -0.173813 -0.874332 0.447828
55210140041123 0.094711 -0.159782 -0.871772 0.453336
55210171358200 0.119898 -0.140668 -0.867981 0.460918
55210202674546 0.140966 -0.127595 -0.861520 0.470778
55210233988938 0.158720 -0.117361 -0.852979 0.483178
55210265305100 0.176169 -0.106666 -0.841778 0.498995
55210296606308 0.192118 -0.097772 -0.828489 0.516853
55210327933945 0.204586 -0.086698 -0.813214 0.537876
55210359255723 0.210561 -0.078052 -0.797391 0.560125
55210390572007 0.213189 -0.074899 -0.779801 0.583824
55210421885239 0.209385 -0.080867 -0.759193 0.610937
55210453200547 0.200306 -0.094085 -0.736828 0.638835
55210484518723 0.193494 -0.102446 -0.712961 0.666146
55210515816575 0.189622 -0.105853 -0.688330 0.692127
55210547137376 0.187641 -0.113514 -0.663483 0.715329
55210578461167 0.186089 -0.120880 -0.638928 0.736566
55210609777939 0.186232 -0.123349 -0.613653 0.757319
55210641096116 0.186777 -0.124221 -0.588500 0.776757
55210672412034 0.186247 -0.125139 -0.563639 0.794961
55210703725632 0.187438 -0.122135 -0.538719 0.812239
55210735030930 0.189532 -0.115002 -0.512167 0.829781
55210766360276 0.191070 -0.111350 -0.483097 0.847178
55210797677414 0.191267 -0.111479 -0.451335 0.864457
55210828992051 0.191704 -0.113037 -0.416668 0.881397
55210860296006 0.191192 -0.112854 -0.381657 0.897244
55210891623826 0.188750 -0.109303 -0.348696 0.911503
55210922940476 0.187593 -0.102228 -0.317146 0.924001
55210954256028 0.187837 -0.091430 -0.285188 0.935428
55210985571580 0.188144 -0.083068 -0.253232 0.945291
55211016883713 0.188781 -0.076654 -0.220775 0.953805
55211048204331 0.188414 -0.069453 -0.188014 0.961419
55211079521470 0.187399 -0.062551 -0.156818 0.967666
55211110835923 0.187667 -0.055412 -0.126153 0.972520
55211142152024 0.190750 -0.048248 -0.093989 0.975937
55211173467576 0.192754 -0.045303 -0.064293 0.978090
55211204782883 0.190444 -0.041791 -0.038734 0.980043
55211236099961 0.188151 -0.030921 -0.013850 0.981556
55211267415696 0.190139 -0.019799 0.012575 0.981477
55211298733811 0.195726 -0.015688 0.038926 0.979760
55211330048203 0.202048 -0.014216 0.064084 0.977173
55211361364121 0.205024 -0.009689 0.086268 0.974900
55211392667405 0.204339 -0.003755 0.105686 0.973171
55211423980637 0.204077 -0.000309 0.122555 0.971253
55211455312607 0.203309 0.004392 0.138375 0.969277
55211486628281 0.201566 0.009041 0.153814 0.967280
55211517944932 0.200384 0.010235 0.168322 0.965096
55211549248154 0.199961 0.007903 0.182492 0.962627
55211580576707 0.201782 0.002831 0.197616 0.959283
55211611890122 0.202397 -0.003612 0.210916 0.956314
55211643208970 0.199104 -0.009217 0.223676 0.954066
55211674513230 0.199659 -0.015657 0.237415 0.950539
55211705828843 0.203472 -0.019289 0.248209 0.946900
55211737146530 0.195308 -0.013191 0.254162 0.947145
55211768461411 0.175473 -0.003569 0.258472 0.949941
55211799791184 0.151248 0.020863 0.262732 0.952712
55211831106187 0.132426 0.048428 0.264691 0.953969
55211862421738 0.122108 0.069750 0.260832 0.955087
55211893738267 0.106596 0.099865 0.255690 0.955660
55211925054123 0.092633 0.130275 0.243684 0.956591
55211956367600 0.088054 0.140436 0.222137 0.960822
55211987686326 0.081502 0.142067 0.195881 0.966853
55212019002793 0.067934 0.160334 0.174515 0.969135
55212050319504 0.055661 0.179584 0.146478 0.971183
55212081635239 0.048529 0.181197 0.108054 0.976287
55212112938096 0.039436 0.176298 0.068007 0.981193
55212144266648 0.025961 0.172922 0.031378 0.984093
55212175587205 0.013254 0.150274 -0.005913 0.988538
55212206900071 -0.000215 0.111001 -0.041516 0.992953
55212238215928 -0.021097 0.082179 -0.073664 0.993667
55212269530442 -0.047348 0.071373 -0.101385 0.991153
55212300846116 -0.074302 0.063670 -0.127657 0.986980
55212332163987 -0.094796 0.058419 -0.148894 0.982564
55212363480882 -0.108547 0.050294 -0.166873 0.978694
55212394797532 -0.125190 0.040031 -0.187218 0.973486
55212426114182 -0.146957 0.035200 -0.203603 0.967321
55212457430650 -0.161559 0.027881 -0.215005 0.962754
55212488746201 -0.165302 0.020809 -0.224281 0.960177
55212520065903 -0.167330 0.014096 -0.228450 0.958965
55212551382676 -0.176774 0.014697 -0.231979 0.956410
55212582695298 -0.187544 0.014735 -0.233515 0.953982
55212614011460 -0.195654 0.005716 -0.233197 0.952526
55212645332261 -0.206266 -0.002710 -0.235188 0.949807
55212676641281 -0.213920 -0.010242 -0.237190 0.947562
55212707960374 -0.213579 -0.022204 -0.234496 0.948105
55212739276475 -0.207935 -0.038285 -0.229271 0.950122
55212770576951 -0.196035 -0.049449 -0.224535 0.953262
55212801894455 -0.174461 -0.065330 -0.211538 0.959451
55212833214158 -0.145192 -0.092184 -0.195174 0.965572
55212864530625 -0.114821 -0.116218 -0.178801 0.970227
55212895846482 -0.087539 -0.139119 -0.161178 0.973142
55212927178025 -0.065388 -0.160688 -0.145690 0.974001
55212958491379 -0.047338 -0.175991 -0.135384 0.973888
55212989794358 -0.026798 -0.189200 -0.127616 0.973242
55213021124192 -0.003786 -0.208549 -0.120773 0.970519
55213052440842 0.019686 -0.233282 -0.114317 0.965465
55213083759995 0.041310 -0.255202 -0.106600 0.960105
55213115076097 0.059759 -0.277269 -0.096861 0.954028
55213146389878 0.075786 -0.305334 -0.084732 0.945435
55213177705979 0.093070 -0.332923 -0.071673 0.935608
55213209019394 0.107455 -0.353879 -0.059241 0.927208
55213240341783 0.116756 -0.375433 -0.045351 0.918347
55213271655442 0.124810 -0.396031 -0.029935 0.909223
55213302973374 0.133613 -0.410949 -0.015862 0.901675
55213334288254 0.144080 -0.432889 0.000014 0.889859
55213365604173 0.153010 -0.462493 0.017215 0.873150
55213396922349 0.157773 -0.485864 0.031949 0.859083
55213428237961 0.162488 -0.501411 0.045676 0.848586
55213459554185 0.169020 -0.518695 0.065821 0.835497
55213490870469 0.179854 -0.546340 0.088260 0.813250
55213522174729 0.192118 -0.565851 0.110602 0.794147
55213553493393 0.198255 -0.576045 0.134512 0.781520
55213584817674 0.198163 -0.584356 0.161379 0.770205
55213616136460 0.199664 -0.593470 0.187691 0.756769
55213647454636 0.210600 -0.601480 0.212778 0.740672
55213678770005 0.216842 -0.605479 0.233178 0.729385
55213710087632 0.218059 -0.605992 0.250329 0.722883
55213741400620 0.219263 -0.605616 0.263905 0.717988
55213772715928 0.222357 -0.606242 0.274309 0.712588
55213804037339 0.222730 -0.605786 0.285370 0.708505
55213835352219 0.225613 -0.605137 0.292035 0.705424
55213866659104 0.238230 -0.610036 0.295550 0.695524
55213897972642 0.258638 -0.617538 0.298058 0.680379
55213929299790 0.272495 -0.620706 0.299712 0.671300
55213960605759 0.286297 -0.622746 0.297582 0.664580
55213991937669 0.305454 -0.631317 0.286956 0.652528
55214023251633 0.326128 -0.644489 0.271029 0.636253
55214054555893 0.341418 -0.654748 0.256817 0.623526
55214085873765 0.355177 -0.659256 0.246889 0.615043
55214117189622 0.368926 -0.665614 0.237660 0.603630
55214148518601 0.382424 -0.673417 0.228601 0.589918
55214179834763 0.392620 -0.677243 0.219794 0.582135
55214211151108 0.398962 -0.676715 0.212856 0.581015
55214242469590 0.404699 -0.677988 0.206585 0.577817
55214273784165 0.409210 -0.679959 0.200049 0.574615
55214305102158 0.409673 -0.678706 0.193884 0.577871
55214336420152 0.407635 -0.674959 0.188677 0.585376
55214367734055 0.405102 -0.669762 0.185404 0.594084
55214399051011 0.399428 -0.661684 0.184002 0.607269
55214430367234 0.390062 -0.650827 0.184877 0.624577
55214461687241 0.378572 -0.642548 0.187413 0.639290
55214493000352 0.366916 -0.637319 0.188804 0.650807
55214524317429 0.353981 -0.626094 0.186700 0.669214
55214555634263 0.338178 -0.607754 0.183042 0.694814
55214586947800 0.322705 -0.588471 0.180076 0.719122
55214618258714 0.307004 -0.570677 0.172787 0.741768
55214649583909 0.286717 -0.548931 0.163750 0.767889
55214680901780 0.268393 -0.517563 0.155746 0.797394
55214712217515 0.257081 -0.484923 0.143779 0.823460
55214743533616 0.249025 -0.451979 0.132285 0.846287
55214774847764 0.246181 -0.418527 0.123973 0.865367
55214806155564 0.246609 -0.385659 0.110621 0.882164
55214837483689 0.249899 -0.344991 0.090567 0.900183
55214868799424 0.255171 -0.297734 0.068775 0.917340
55214900117356 0.258794 -0.255553 0.046876 0.930334
55214931434189 0.265749 -0.223404 0.024518 0.937479
55214962747361 0.274598 -0.198686 0.001849 0.940806
55214994067063 0.274246 -0.175083 -0.024525 0.945269
55215025380967 0.269604 -0.146619 -0.047295 0.950568
55215056702256 0.271025 -0.124988 -0.062017 0.952406
55215088017747 0.274261 -0.104226 -0.074216 0.953105
55215119321824 0.271292 -0.073891 -0.081666 0.956176
55215150637680 0.263786 -0.039121 -0.085439 0.959993
55215181956589 0.259742 -0.009372 -0.086903 0.961714
55215213281052 0.259433 0.011318 -0.087543 0.961719
55215244591600 0.256011 0.028759 -0.083799 0.962605
55215275918198 0.250021 0.044025 -0.075244 0.964308
55215307236252 0.247232 0.051549 -0.067029 0.965260
55215338551072 0.250003 0.052307 -0.061275 0.964888
55215369868028 0.251184 0.051324 -0.057590 0.964861
55215401173386 0.248696 0.048932 -0.052752 0.965905
55215432502182 0.245194 0.044947 -0.043788 0.967441
55215463818833 0.245058 0.035827 -0.034180 0.968243
55215495136704 0.252788 0.021884 -0.019445 0.967079
55215526444810 0.264519 0.007672 -0.003582 0.964343
55215557768235 0.273690 -0.003728 0.012994 0.961723
55215589085984 0.282963 -0.014323 0.026663 0.958653
55215620402329 0.292697 -0.022345 0.035711 0.955277
55215651719346 0.301955 -0.031911 0.042112 0.951857
55215683032700 0.311256 -0.042268 0.045961 0.948272
55215714356187 0.321790 -0.053251 0.047280 0.944129
55215745669236 0.333210 -0.066579 0.045338 0.939406
55215776989732 0.345154 -0.085521 0.041331 0.933727
55215808304612 0.357572 -0.111364 0.036339 0.926509
55215839620347 0.369062 -0.143977 0.029247 0.917719
55215870928941 0.379941 -0.180264 0.023126 0.906981
55215902252244 0.385809 -0.215675 0.022516 0.896732
55215933571030 0.382027 -0.251722 0.025501 0.888842
55215964890977 0.372038 -0.285738 0.027358 0.882720
55215996204392 0.364334 -0.316595 0.024833 0.875450
55216027521287 0.356551 -0.346721 0.025581 0.867180
55216058832016 0.340814 -0.377156 0.028711 0.860683
55216090151719 0.320441 -0.403741 0.035987 0.856164
55216121471421 0.308768 -0.421878 0.045952 0.851217
55216152788560 0.297416 -0.448790 0.064648 0.840209
55216184106003 0.282847 -0.482658 0.089107 0.824075
55216215424607 0.270563 -0.507526 0.115067 0.809922
55216246741929 0.261833 -0.530068 0.136738 0.794842
55216278055833 0.256044 -0.555508 0.155030 0.775770
55216309375352 0.257602 -0.582234 0.171384 0.751846
55216340689683 0.260679 -0.609098 0.182467 0.726465
55216371993577 0.262796 -0.638031 0.187011 0.699200
55216403313889 0.266043 -0.665710 0.189767 0.670851
55216434627671 0.269194 -0.684950 0.193071 0.648924
55216465957383 0.272151 -0.702927 0.195066 0.627516
55216497273972 0.278020 -0.731398 0.191529 0.592519
55216528591294 0.281010 -0.755915 0.188967 0.560283
55216559908432 0.278331 -0.766092 0.189602 0.547435
55216591213120 0.270878 -0.768413 0.186259 0.549067
55216622541673 0.261638 -0.767548 0.178150 0.557385
55216653856065 0.252694 -0.764572 0.169554 0.568179
55216685175888 0.245672 -0.761188 0.161734 0.577997
55216716492661 0.241394 -0.764024 0.150330 0.579135
55216747812486 0.235844 -0.768288 0.138642 0.578696
55216779113083 0.232226 -0.772351 0.130943 0.576541
55216810441574 0.233462 -0.781047 0.126085 0.565300
55216841759629 0.234770 -0.795798 0.116791 0.545847
55216873076829 0.231577 -0.805386 0.103524 0.535732
55216904394272 0.228067 -0.805847 0.088634 0.539203
55216935711472 0.226507 -0.803444 0.071726 0.545919
55216967020493 0.226285 -0.801594 0.054293 0.550721
55216998348557 0.228705 -0.796176 0.032656 0.559224
55217029665086 0.233181 -0.779761 0.002470 0.581028
55217060966538 0.241163 -0.757526 -0.031464 0.605810
55217092296067 0.251574 -0.738014 -0.066743 0.622568
55217123599778 0.261905 -0.714933 -0.102964 0.640058
55217154929368 0.272554 -0.684261 -0.139597 0.661827
55217186248155 0.285134 -0.650256 -0.177384 0.681469
55217217566697 0.300025 -0.617460 -0.215567 0.694449
55217248880540 0.313691 -0.585067 -0.253944 0.703425
55217280197983 0.323234 -0.550239 -0.289532 0.713392
55217311511643 0.332253 -0.520035 -0.324485 0.716855
55217342828537 0.342239 -0.493269 -0.357330 0.715453
55217374150803 0.348153 -0.466897 -0.386334 0.715222
55217405468858 0.352098 -0.448758 -0.417782 0.707178
55217436777390 0.355649 -0.437566 -0.454134 0.689792
55217468101548 0.359314 -0.417001 -0.489711 0.676156
55217499403611 0.360396 -0.399302 -0.523359 0.660884
55217530720627 0.357115 -0.387811 -0.561062 0.638186
55217562051011 0.362187 -0.367604 -0.592409 0.618659
55217593367844 0.366777 -0.352561 -0.623727 0.593415
55217624684800 0.369456 -0.340540 -0.655076 0.564278
55217656001877 0.364556 -0.333985 -0.684490 0.535748
55217687313462 0.355419 -0.330288 -0.706778 0.514832
55217718636705 0.342849 -0.330474 -0.722465 0.501283
55217749955857 0.323483 -0.348949 -0.729492 0.491361
55217781273240 0.300907 -0.381348 -0.728050 0.483706
55217812588303 0.281961 -0.418707 -0.718303 0.478772
55217843904038 0.262157 -0.456019 -0.703114 0.478488
55217875213548 0.241970 -0.490432 -0.683147 0.483980
55217906537278 0.225800 -0.517347 -0.660787 0.494699
55217937855698 0.211232 -0.543126 -0.632745 0.509930
55217969172349 0.197347 -0.572657 -0.593754 0.529693
55218000492356 0.180393 -0.609526 -0.547816 0.543907
55218031794968 0.163941 -0.634332 -0.503450 0.563280
55218063124009 0.149377 -0.646332 -0.458237 0.591574
55218094440354 0.134057 -0.665549 -0.410723 0.608589
55218125757554 0.117419 -0.686319 -0.361548 0.620050
55218157074937 0.096164 -0.698060 -0.314431 0.636080
55218188392319 0.070916 -0.702682 -0.271188 0.653962
55218219696762 0.044337 -0.708007 -0.224279 0.668176
55218251025803 0.021914 -0.721141 -0.171316 0.670915
55218282343918 0.001181 -0.733893 -0.122057 0.668208
55218313661606 -0.022368 -0.739797 -0.082441 0.667386
55218344977524 -0.045045 -0.742114 -0.048358 0.667008
55218376281419 -0.065811 -0.744589 -0.010709 0.664185
55218407609360 -0.085934 -0.744282 0.027335 0.661750
55218438915025 -0.103432 -0.743801 0.057430 0.657847
55218470245896 -0.118020 -0.747254 0.078396 0.649259
55218501562791 -0.130209 -0.751928 0.092590 0.639591
55218532880051 -0.138614 -0.760821 0.104135 0.625374
55218564184617 -0.141573 -0.775804 0.114606 0.604112
55218595508957 -0.142024 -0.794908 0.121231 0.577282
55218626818772 -0.143045 -0.813385 0.123788 0.550108
55218658148484 -0.139395 -0.831355 0.119938 0.524436
55218689465867 -0.130997 -0.844457 0.103713 0.508896
55218720782883 -0.121454 -0.858343 0.089356 0.490419
55218752087632 -0.112708 -0.879493 0.084100 0.454661
55218783417344 -0.104862 -0.900876 0.080351 0.413485
55218814735947 -0.099328 -0.920436 0.081758 0.369117
55218846048691 -0.100745 -0.936183 0.081796 0.326683
55218877368394 -0.101900 -0.950554 0.082316 0.281581
55218908685776 -0.096876 -0.964260 0.086636 0.230894
55218940003708 -0.093616 -0.971831 0.079924 0.200980
55218971317063 -0.088303 -0.977516 0.067319 0.179259
55219002638353 -0.080027 -0.983581 0.061979 0.149408
55219033957627 -0.072933 -0.988717 0.063978 0.114130
55219065268723 -0.068649 -0.992135 0.071016 0.076889
55219096589097 -0.063503 -0.993757 0.079557 0.045668
55219127900620 -0.058255 -0.994343 0.084681 0.026775
55219159220627 -0.058483 -0.994292 0.083885 0.030432
55219190541245 -0.065131 -0.993395 0.079067 0.051689
55219221857896 -0.074290 -0.991451 0.068961 0.082165
55219253174729 -0.083166 -0.988312 0.055375 0.115136
55219284492173 -0.093360 -0.981558 0.030972 0.163918
55219315808396 -0.102066 -0.971035 0.000635 0.216040
55219347126633 -0.107202 -0.960998 -0.025908 0.253614
55219378443711 -0.109499 -0.951653 -0.054079 0.281854
55219409761216 -0.111369 -0.937095 -0.093261 0.317415
55219441078659 -0.111367 -0.921836 -0.132059 0.346953
55219472394821 -0.109183 -0.909738 -0.164772 0.365110
55219503708848 -0.102901 -0.896556 -0.197053 0.383105
55219535027635 -0.095094 -0.878111 -0.235314 0.405593
55219566350693 -0.087642 -0.856113 -0.279583 0.425703
55219597664536 -0.075440 -0.832750 -0.321369 0.444475
55219628981431 -0.057893 -0.811141 -0.359053 0.458016
55219660288071 -0.037018 -0.787458 -0.397831 0.469328
55219691613266 -0.013736 -0.759299 -0.439266 0.479919
55219722933457 0.010339 -0.729061 -0.481688 0.486149
55219754237412 0.031995 -0.698004 -0.522221 0.488929
55219785560532 0.051551 -0.664436 -0.560111 0.492080
55219816886765 0.072428 -0.634191 -0.593756 0.489908
55219848202195 0.091771 -0.601454 -0.627658 0.485672
55219879518540 0.107244 -0.567139 -0.658095 0.483491
55219910840379 0.114892 -0.539383 -0.683597 0.478080
55219942154587 0.118269 -0.514750 -0.705634 0.472362
55219973471726 0.120050 -0.491210 -0.725141 0.467410
55220004788499 0.121061 -0.466728 -0.743424 0.463498
55220036106064 0.123071 -0.440061 -0.761797 0.459202
55220067421006 0.126512 -0.414175 -0.778867 0.453675
55220098740830 0.131507 -0.386053 -0.795115 0.448844
55220130051072 0.135686 -0.356596 -0.809988 0.445363
55220161375535 0.142268 -0.328342 -0.821869 0.443264
55220192680100 0.152438 -0.298496 -0.831856 0.442356
55220224009995 0.162667 -0.272196 -0.839363 0.441495
55220255311143 0.172612 -0.246150 -0.844790 0.442657
55220286647752 0.183896 -0.220422 -0.848326 0.444904
55220317963364 0.202324 -0.190962 -0.850290 0.446773
55220349279099 0.220078 -0.161256 -0.851114 0.448518
55220380590623 0.228514 -0.145630 -0.851964 0.448029
55220411911363 0.234892 -0.132687 -0.853073 0.446639
55220443231736 0.244467 -0.115120 -0.853310 0.445920
55220474548996 0.255206 -0.092527 -0.854313 0.443236
55220505862412 0.265824 -0.066863 -0.856657 0.437042
55220537183579 0.277656 -0.038663 -0.857581 0.431239
55220568496689 0.287658 -0.006557 -0.856353 0.428801
55220599814866 0.289303 0.020519 -0.856632 0.426691
55220631135239 0.287122 0.035919 -0.858063 0.424262
55220662452866 0.281465 0.044101 -0.859595 0.424182
55220693770554 0.267254 0.046619 -0.862780 0.426630
55220725087632 0.248861 0.042096 -0.866625 0.430415
55220756398484 0.231924 0.033965 -0.869519 0.434734
55220787722519 0.219366 0.027719 -0.872139 0.436445
55220819024643 0.206572 0.026397 -0.875160 0.436723
55220850343735 0.192394 0.023079 -0.877278 0.439131
55220881657883 0.177511 0.013994 -0.879434 0.441464
55220912981187 0.166255 0.012019 -0.881726 0.441332
55220944309433 0.156706 0.015569 -0.883229 0.441709
55220975629807 0.144559 0.012474 -0.885018 0.442369
55221006943589 0.132176 0.005755 -0.887306 0.441796
55221038258225 0.121745 0.002736 -0.889146 0.441124
55221069579148 0.109938 -0.000839 -0.890381 0.441741
55221100894089 0.096752 -0.007842 -0.891753 0.441989
55221132213425 0.087291 -0.012505 -0.893346 0.440632
55221163534531 0.082189 -0.012700 -0.894928 0.438391
55221194848435 0.076707 -0.010392 -0.896624 0.435973
55221226165757 0.068829 -0.011265 -0.899060 0.432234
55221257482896 0.061853 -0.013050 -0.902945 0.425081
55221288790818 0.057224 -0.011394 -0.907550 0.415872
55221320119797 0.048634 -0.011583 -0.912692 0.405577
55221351435776 0.037200 -0.015813 -0.918662 0.392970
55221382752915 0.027215 -0.020340 -0.924724 0.379120
55221414070298 0.017056 -0.025031 -0.930573 0.364852
55221445375779 0.005323 -0.030983 -0.936709 0.348695
55221476705185 -0.014911 -0.044765 -0.942928 0.329637
55221508023606 -0.037646 -0.059680 -0.947697 0.311274
55221539340317 -0.055361 -0.069169 -0.950960 0.296354
55221570657944 -0.073197 -0.080082 -0.952573 0.284315
55221601975388 -0.093938 -0.094127 -0.952182 0.275073
55221633291978 -0.118979 -0.110110 -0.949681 0.268003
55221664610032 -0.147115 -0.128728 -0.945052 0.262035
55221695924913 -0.178950 -0.152359 -0.936965 0.258573
55221727245286 -0.220361 -0.184961 -0.922601 0.256979
55221758562241 -0.258705 -0.218317 -0.904386 0.259800
55221789879929 -0.291484 -0.247860 -0.884413 0.267237
55221821198533 -0.320444 -0.275160 -0.864033 0.273951
55221852515000 -0.342104 -0.298102 -0.845039 0.282857
55221883832322 -0.362438 -0.319341 -0.824406 0.294982
55221915149888 -0.382405 -0.336261 -0.803855 0.307429
55221946467759 -0.396453 -0.347750 -0.787992 0.317749
55221977785203 -0.403003 -0.351687 -0.779765 0.325378
55222009102280 -0.412154 -0.353149 -0.771482 0.332010
55222040405930 -0.426542 -0.358161 -0.759636 0.335760
55222071737534 -0.437719 -0.360385 -0.751971 0.336249
55222103041428 -0.450149 -0.360470 -0.745449 0.334265
55222134372361 -0.460713 -0.357378 -0.742360 0.330040
55222165690171 -0.466427 -0.348002 -0.745571 0.324752
55222196994980 -0.470868 -0.340232 -0.749031 0.318557
55222228322862 -0.471932 -0.332213 -0.755198 0.310791
55222259643296 -0.465851 -0.322880 -0.764141 0.307929
55222290960251 -0.457023 -0.325714 -0.768442 0.307470
55222322279099 -0.447466 -0.339219 -0.767826 0.308462
55222353582322 -0.438303 -0.355230 -0.766137 0.307791
55222384913560 -0.429421 -0.365882 -0.768152 0.302770
55222416230332 -0.422021 -0.371250 -0.771711 0.297546
55222447548203 -0.417246 -0.381695 -0.770172 0.295041
55222478865525 -0.419434 -0.400659 -0.760693 0.291364
55222510182603 -0.423150 -0.421736 -0.750406 0.282798
55222541490525 -0.420036 -0.437872 -0.746729 0.272458
55222572815415 -0.412105 -0.450044 -0.747560 0.262266
55222604135789 -0.408713 -0.463621 -0.744598 0.252158
55222635453171 -0.410641 -0.478815 -0.737427 0.241479
55222666768540 -0.414625 -0.492925 -0.729301 0.230721
55222698088974 -0.419630 -0.506373 -0.720487 0.219990
55222729398972 -0.425810 -0.519801 -0.710285 0.209732
55222760726670 -0.430449 -0.531559 -0.701032 0.201775
55222792042161 -0.433742 -0.541288 -0.693437 0.194988
55222823360154 -0.435888 -0.548351 -0.688685 0.187151
55222854676499 -0.435515 -0.551048 -0.688394 0.181067
55222885993638 -0.435018 -0.551209 -0.689403 0.177910
55222917309312 -0.433739 -0.550687 -0.691055 0.176232
55222948629014 -0.429352 -0.548342 -0.695633 0.176274
55222979948350 -0.422405 -0.542511 -0.703948 0.178079
55223011264207 -0.415646 -0.533208 -0.713971 0.182133
55223042582017 -0.411396 -0.523949 -0.721639 0.188332
55223073887009 -0.408623 -0.514197 -0.728724 0.193883
55223105208726 -0.401575 -0.499882 -0.740717 0.200486
55223136534348 -0.389456 -0.483086 -0.755798 0.209096
55223167836350 -0.381452 -0.467990 -0.766703 0.218281
55223199158432 -0.376167 -0.454340 -0.775184 0.226192
55223230487351 -0.368232 -0.438641 -0.785899 0.233155
55223261799302 -0.359516 -0.422847 -0.796281 0.240595
55223293121018 -0.351622 -0.408574 -0.804868 0.248226
55223324442002 -0.345432 -0.395504 -0.812532 0.253071
55223355758164 -0.337367 -0.381916 -0.821309 0.256468
55223387075608 -0.325402 -0.366307 -0.831695 0.261181
55223418393601 -0.317180 -0.354202 -0.838196 0.267141
55223449714158 -0.311619 -0.349332 -0.840334 0.273312
55223481028794 -0.296988 -0.340821 -0.847299 0.278789
55223512331040 -0.281040 -0.330541 -0.854197 0.286543
55223543664048 -0.273293 -0.330205 -0.853679 0.295816
55223574982224 -0.270219 -0.332094 -0.850716 0.304922
55223606299546 -0.263214 -0.327526 -0.851455 0.313799
55223637616624 -0.251616 -0.319534 -0.854444 0.323284
55223668935960 -0.242558 -0.317431 -0.853405 0.334818
55223700256211 -0.237007 -0.320696 -0.849577 0.345254
55223731570298 -0.229023 -0.320527 -0.848188 0.354102
55223762887742 -0.215927 -0.316850 -0.848884 0.363838
55223794197068 -0.204939 -0.316334 -0.847225 0.374357
55223825509324 -0.197093 -0.319189 -0.843337 0.384780
55223856844468 -0.187816 -0.319505 -0.840556 0.395104
55223888158555 -0.179911 -0.317940 -0.838132 0.405069
55223919479600 -0.174645 -0.318894 -0.834561 0.413900
55223950794297 -0.170117 -0.319598 -0.830815 0.422686
55223982109665 -0.166743 -0.321861 -0.825473 0.432663
55224013426011 -0.164908 -0.326556 -0.819470 0.441176
55224044735032 -0.162441 -0.326220 -0.815693 0.449264
55224076067674 -0.160193 -0.324074 -0.811660 0.458827
55224107382554 -0.162358 -0.324064 -0.805755 0.468381
55224138700242 -0.166257 -0.321097 -0.800551 0.477885
55224170001633 -0.168108 -0.317169 -0.795404 0.488340
55224201332811 -0.170812 -0.317971 -0.787415 0.499695
55224232655320 -0.176353 -0.321722 -0.778876 0.508672
55224263967698 -0.181771 -0.319197 -0.774946 0.514327
55224295292283 -0.183973 -0.311439 -0.774482 0.518978
55224326601548 -0.186184 -0.308854 -0.772581 0.522555
55224357924119 -0.189775 -0.310032 -0.770329 0.523889
55224389241197 -0.191796 -0.308580 -0.770482 0.523785
55224420560105 -0.192332 -0.305849 -0.772504 0.522208
55224451865159 -0.194333 -0.305364 -0.775127 0.517847
55224483195542 -0.196347 -0.310115 -0.778969 0.508412
55224514504136 -0.193863 -0.312740 -0.787878 0.493820
55224545815110 -0.185556 -0.311551 -0.802199 0.474322
55224577152085 -0.174869 -0.309383 -0.819105 0.450300
55224608471970 -0.165671 -0.310414 -0.837154 0.418772
55224639783921 -0.156948 -0.314120 -0.853112 0.385871
55224671102280 -0.147994 -0.313988 -0.869437 0.351553
55224702417771 -0.136784 -0.311484 -0.887225 0.311608
55224733736069 -0.120451 -0.303514 -0.905657 0.270475
55224765058396 -0.092304 -0.286946 -0.925736 0.228373
55224796373337 -0.062989 -0.269100 -0.944016 0.180143
55224827692429 -0.041799 -0.246746 -0.959316 0.130700
55224859008835 -0.026798 -0.226272 -0.969904 0.085846
55224890327378 -0.017549 -0.217354 -0.975002 0.042676
55224921644151 0.007961 0.214775 0.976631 0.000360
55224952962510 -0.003450 0.210889 0.976658 0.040661
55224984280076 -0.014979 0.207349 0.975153 0.076537
55225015588853 -0.025068 0.205457 0.972048 0.110826
55225046915574 -0.034200 0.201532 0.967835 0.146666
55225078233506 -0.042673 0.198817 0.962034 0.182050
55225109550401 -0.054169 0.199572 0.955107 0.212148
55225140871934 -0.060513 0.201687 0.947296 0.241434
55225172190232 -0.062193 0.200457 0.939109 0.272072
55225203505173 -0.071148 0.194679 0.930548 0.301859
55225234822312 -0.079617 0.189035 0.921220 0.330576
55225266127183 -0.079952 0.185091 0.910999 0.359765
55225297458176 -0.078906 0.178172 0.900665 0.388370
55225328777756 -0.083958 0.170257 0.889183 0.416313
55225360093979 -0.089208 0.162065 0.876734 0.443975
55225391398667 -0.089211 0.155881 0.864500 0.469450
55225422724167 -0.089247 0.153113 0.851171 0.494064
55225454034531 -0.092396 0.149072 0.837900 0.516879
55225485355820 -0.092843 0.144596 0.825903 0.536988
55225516686082 -0.088154 0.142558 0.814711 0.555114
55225548004502 -0.084779 0.140013 0.803260 0.572698
55225579319443 -0.083055 0.136095 0.792058 0.589257
55225610620286 -0.079165 0.132680 0.781737 0.604166
55225641938218 -0.076306 0.130771 0.772014 0.617309
55225673275559 -0.074285 0.128773 0.762918 0.629170
55225704590928 -0.071210 0.127324 0.755054 0.639227
55225735908494 -0.068472 0.125616 0.748691 0.647298
55225767225816 -0.065715 0.124277 0.744031 0.653188
55225798543809 -0.059906 0.123003 0.742017 0.656272
55225829860642 -0.052212 0.121415 0.740859 0.658529
55225861183274 -0.051366 0.120562 0.739482 0.660298
55225892497300 -0.053396 0.119069 0.739628 0.660244
55225923815781 -0.052579 0.119650 0.741867 0.657688
55225955131455 -0.052132 0.121868 0.745925 0.652707
55225986439682 -0.052430 0.123606 0.750998 0.646510
55226017768967 -0.055336 0.125500 0.757288 0.638516
55226049087876 -0.057610 0.127928 0.764719 0.628904
55226080405381 -0.059266 0.131193 0.773112 0.617716
55226111723191 -0.061823 0.133753 0.782640 0.604783
55226143044724 -0.063778 0.136626 0.792604 0.590800
55226174358872 -0.065488 0.139872 0.802708 0.576027
55226205670700 -0.067552 0.142571 0.813026 0.560446
55226236994675 -0.069356 0.145023 0.823660 0.543822
55226268312302 -0.069263 0.147917 0.834583 0.526113
55226299630845 -0.069075 0.150813 0.844956 0.508462
55226330944687 -0.069931 0.153600 0.855050 0.490312
55226362269761 -0.069405 0.155780 0.865054 0.471802
55226393584336 -0.068275 0.155562 0.875034 0.453271
55226424902390 -0.069451 0.155662 0.884318 0.434659
55226456220810 -0.070568 0.157914 0.893108 0.415260
55226487538071 -0.070111 0.159200 0.901921 0.395320
55226518855515 -0.069677 0.158098 0.910524 0.375628
55226550172654 -0.069447 0.154785 0.918909 0.356125
55226581495774 -0.068742 0.151133 0.927024 0.336245
55226612810166 -0.066615 0.150351 0.934497 0.315711
55226644114548 -0.064107 0.151772 0.941281 0.294694
55226675433213 -0.062448 0.153429 0.947412 0.273806
55226706763657 -0.059232 0.155396 0.953167 0.252621
55226738081956 -0.053485 0.156918 0.958400 0.232349
55226769400132 -0.048703 0.156729 0.963312 0.212355
55226800702927 -0.043862 0.157473 0.967556 0.192649
55226832037156 -0.037407 0.159528 0.971258 0.172654
55226863349656 -0.028857 0.160951 0.974384 0.154394
55226894671372 -0.025579 0.162383 0.976593 0.138719
55226925993272 -0.024677 0.164258 0.978174 0.124846
55226957311143 -0.019164 0.167170 0.979369 0.111913
55226988626023 -0.011789 0.172439 0.979796 0.100629
55227019943589 -0.006353 0.177351 0.979714 0.093090
55227051249558 -0.001182 0.178839 0.980103 0.086098
55227082577194 0.004867 0.179725 0.980449 0.079962
55227113885972 0.012903 0.181658 0.980348 0.075841
55227145215623 0.021575 0.181789 0.980513 0.071281
55227176533738 0.030214 0.179909 0.980715 0.070130
55227207838974 0.038486 0.179236 0.980548 0.070140
55227239169724 0.048161 0.181698 0.979770 0.068683
55227270487106 0.056524 0.183236 0.978953 0.069860
55227301809251 0.061512 0.183187 0.978405 0.073366
55227333125534 0.067492 0.185456 0.977336 0.076592
55227364442124 0.076617 0.190125 0.975439 0.080631
55227395749742 0.089913 0.191325 0.973520 0.087001
55227427078049 0.104666 0.190583 0.971333 0.096105
55227458396225 0.117674 0.190946 0.968832 0.105154
55227489712937 0.134138 0.192901 0.965338 0.113664
55227521032029 0.151108 0.197042 0.960844 0.122964
55227552340440 0.166190 0.200065 0.956724 0.130515
55227583668320 0.178795 0.200763 0.952949 0.140050
55227614983323 0.183289 0.197043 0.951078 0.151758
55227646290696 0.180727 0.186251 0.951724 0.163918
55227677622605 0.170338 0.177019 0.954425 0.169474
55227708940720 0.169130 0.178376 0.953744 0.173057
55227740261582 0.175906 0.184765 0.951009 0.174643
55227771562608 0.179534 0.190054 0.948915 0.176655
55227802881272 0.175031 0.191072 0.949164 0.178728
55227834215073 0.171094 0.191835 0.949077 0.182150
55227865530869 0.168469 0.196158 0.947423 0.188492
55227896835740 0.162781 0.198274 0.946322 0.196634
55227928154160 0.157649 0.196203 0.945726 0.205557
55227959479050 0.154990 0.196198 0.943838 0.215996
55227990803147 0.154562 0.194924 0.941355 0.227961
55228022121750 0.152036 0.188719 0.939656 0.241488
55228053439499 0.146728 0.180618 0.938636 0.254578
55228084757920 0.145698 0.175098 0.936569 0.266369
55228116062607 0.148170 0.169846 0.933844 0.277730
55228147392808 0.148198 0.163458 0.931130 0.290372
55228178708420 0.143567 0.153301 0.928796 0.305330
55228210030442 0.139472 0.139840 0.926691 0.319743
55228241348252 0.139906 0.131188 0.923651 0.331792
55228272665757 0.140602 0.127220 0.921077 0.340093
55228303985825 0.144764 0.124375 0.918989 0.345013
55228335304856 0.153084 0.122932 0.915924 0.350052
55228366621324 0.154500 0.119510 0.913192 0.357671
55228397938584 0.146863 0.116072 0.911513 0.366201
55228429244004 0.142120 0.114107 0.909660 0.373229
55228460575119 0.145525 0.113422 0.906973 0.378628
55228491879929 0.151353 0.112665 0.903865 0.383962
55228523209886 0.149452 0.110032 0.901425 0.391140
55228554531357 0.141775 0.105745 0.899489 0.399546
55228585844406 0.136496 0.103912 0.897370 0.406569
55228617165574 0.135050 0.104500 0.895078 0.411919
55228648482713 0.135695 0.102479 0.892149 0.418515
55228679801560 0.137407 0.099526 0.888561 0.426232
55228711120347 0.137051 0.096091 0.885188 0.434080
55228742438035 0.140874 0.089817 0.880614 0.443403
55228773756089 0.151394 0.077564 0.873814 0.455536
55228805074570 0.159291 0.064125 0.866377 0.468941
55228836391770 0.181134 0.041781 0.853583 0.486664
55228867708238 0.234752 0.012501 0.829871 0.506013
55228899031846 0.288307 -0.005678 0.807544 0.514509
55228930334031 0.330104 -0.019036 0.792391 0.512627
55228961653611 0.366479 -0.033955 0.776531 0.511410
55228992982774 0.393791 -0.048913 0.764751 0.507634
55229024304551 0.425414 -0.061598 0.752159 0.499484
55229055616623 0.461950 -0.073660 0.734750 0.491242
55229086939683 0.485750 -0.083274 0.723212 0.483814
55229118243271 0.491279 -0.090318 0.722720 0.477665
55229149573777 0.502350 -0.098641 0.720011 0.468507
55229180892624 0.523253 -0.105825 0.712056 0.456053
55229212206406 0.539823 -0.112639 0.708366 0.440593
55229243525742 0.555151 -0.119813 0.705216 0.424408
55229274847580 0.566577 -0.123988 0.701778 0.413672
55229306165574 0.572934 -0.127347 0.699784 0.407226
55229337485215 0.574167 -0.128695 0.700540 0.403749
55229368795945 0.569835 -0.129315 0.704964 0.401983
55229400103989 0.562615 -0.128603 0.711238 0.401331
55229431438218 0.556167 -0.127218 0.716172 0.401983
55229462758957 0.552818 -0.128447 0.718125 0.402728
55229494074509 0.553134 -0.128943 0.718478 0.401505
55229525379929 0.552633 -0.127416 0.719922 0.400093
55229556701218 0.552048 -0.124437 0.722274 0.397592
55229588029770 0.555791 -0.121447 0.721213 0.395220
55229619347764 0.558137 -0.116683 0.721632 0.392576
55229650665635 0.557498 -0.110589 0.725341 0.388390
55229681984238 0.556424 -0.103379 0.729441 0.384215
55229713302842 0.552161 -0.094010 0.735454 0.381298
55229744622117 0.543385 -0.082360 0.744381 0.379272
55229775938767 0.531805 -0.070271 0.754599 0.377922
55229807260300 0.517981 -0.059681 0.766034 0.375932
55229838576523 0.507221 -0.050881 0.776622 0.370131
55229869877610 0.498890 -0.041430 0.785581 0.363668
55229901211777 0.486166 -0.031845 0.795191 0.360971
55229932529832 0.466108 -0.020175 0.806910 0.362261
55229963847825 0.433337 -0.006497 0.823107 0.366977
55229995165879 0.402352 0.008384 0.835691 0.373715
55230026484605 0.379568 0.018653 0.842074 0.382742
55230057803269 0.349077 0.051304 0.846989 0.397646
55230089121018 0.342386 0.063831 0.844888 0.406030
55230120429734 0.329870 0.074223 0.847564 0.409037
55230151760789 0.311363 0.078519 0.852281 0.412922
55230183076279 0.289064 0.083133 0.855051 0.422396
55230214395188 0.261351 0.089422 0.856291 0.436422
55230245712998 0.239783 0.091716 0.858451 0.444020
55230277030564 0.227903 0.103377 0.858755 0.447117
55230308345871 0.224610 0.116462 0.856879 0.449161
55230339669358 0.219890 0.130707 0.858732 0.444008
55230370988633 0.210023 0.132038 0.864875 0.436402
55230402304002 0.189176 0.127809 0.872592 0.431810
55230433622910 0.167745 0.127142 0.880572 0.424605
55230464943406 0.146151 0.147862 0.887878 0.410426
55230496256089 0.124828 0.179087 0.892101 0.395604
55230527577439 0.105078 0.199284 0.895446 0.383953
55230558895859 0.075624 0.212357 0.903009 0.365732
55230590214707 0.061257 0.224498 0.905702 0.354332
55230621532578 0.048668 0.228096 0.908421 0.346952
55230652850388 0.036894 0.231325 0.911616 0.337763
55230684169602 0.026884 0.239959 0.913198 0.328277
55230715474900 0.016364 0.247442 0.914220 0.320478
55230746802659 0.004928 0.242347 0.918362 0.312817
55230778123826 0.006375 0.240611 0.919692 0.310214
55230809430771 0.010987 0.242413 0.919259 0.309964
55230840766465 0.013058 0.238984 0.919639 0.311415
55230872079392 0.015567 0.228768 0.920835 0.315415
