# Created at Sat Jul 26 09:15:13 PDT 2025
55202744424398 0.032585 -0.050147 -0.005756 -0.396974 -0.395215 -0.586834 0.584673
55202777760823 0.032228 -0.050244 -0.007749 -0.384624 -0.418097 -0.587650 0.576131
55202811097493 0.031779 -0.047189 -0.008762 -0.383154 -0.431617 -0.598828 0.555251
55202844403843 0.032466 -0.043442 -0.007694 -0.404701 -0.438940 -0.610248 0.520716
55202877740269 0.032352 -0.039425 -0.006436 -0.446380 -0.430997 -0.614576 0.487117
55202911076939 0.032142 -0.034334 -0.004638 -0.489031 -0.410901 -0.613496 0.464361
55202944317689 0.031222 -0.031426 -0.003825 -0.514559 -0.403102 -0.594373 0.468463
55202977654115 0.029968 -0.028542 -0.002157 -0.530954 -0.383787 -0.576573 0.488220
55203010990784 0.029867 -0.025241 -0.001610 -0.523727 -0.372537 -0.569078 0.512910
55203044289685 0.029615 -0.022758 -0.003617 -0.492290 -0.386501 -0.575471 0.526403
55203077626111 0.030591 -0.020430 -0.004793 -0.461300 -0.397991 -0.584486 0.535894
55203110962781 0.030515 -0.018283 -0.005046 -0.434920 -0.407744 -0.587505 0.547200
55203144349998 0.030681 -0.016680 -0.004734 -0.425037 -0.412123 -0.580863 0.558656
55203177686424 0.029073 -0.014703 -0.004225 -0.425649 -0.410110 -0.578584 0.562026
55203211023094 0.026395 -0.012360 -0.002943 -0.453243 -0.389349 -0.581200 0.552435
55203244385984 0.025920 -0.011142 -0.001870 -0.467423 -0.379142 -0.576574 0.552566
55203277722409 0.025926 -0.007844 -0.002254 -0.455805 -0.379046 -0.576789 0.562033
55203311059079 0.024821 -0.005888 -0.002704 -0.448807 -0.381470 -0.570998 0.571851
55203344359655 0.023483 -0.007475 -0.002776 -0.438584 -0.383894 -0.566785 0.582258
55203377696081 0.023379 -0.006359 -0.003322 -0.424072 -0.392626 -0.562577 0.591198
55203411032751 0.023085 -0.005790 -0.003664 -0.412692 -0.402591 -0.557469 0.597356
55203444301747 0.019489 -0.007103 -0.003055 -0.413633 -0.404097 -0.553658 0.599229
55203477638173 0.015749 -0.006880 -0.002937 -0.415472 -0.399961 -0.552883 0.601443
55203510851091 0.010548 -0.007696 -0.003107 -0.415309 -0.396313 -0.550223 0.606390
55203544324796 0.003127 -0.010504 -0.003462 -0.412760 -0.391331 -0.545752 0.615340
55203577661221 -0.005673 -0.011251 -0.002495 -0.409903 -0.387848 -0.539473 0.624918
55203610997891 -0.015876 -0.010926 -0.000800 -0.407603 -0.388131 -0.534272 0.630688
55203644340804 -0.029761 -0.007688 0.000736 -0.408695 -0.383222 -0.532769 0.634245
55203677677230 -0.045981 -0.004197 0.005085 -0.411148 -0.373197 -0.530506 0.640503
55203711013900 -0.064644 -0.000845 0.009794 -0.411000 -0.364841 -0.526237 0.648879
55203744338687 -0.085749 0.001471 0.013666 -0.414243 -0.355816 -0.522436 0.654873
55203777675113 -0.107626 0.004423 0.019563 -0.418988 -0.345469 -0.517746 0.661089
55203810999477 -0.131211 0.008192 0.025066 -0.423317 -0.332556 -0.513889 0.667927
55203844336147 -0.154002 0.010821 0.032076 -0.432187 -0.317735 -0.509606 0.672727
55203877672573 -0.176259 0.012643 0.039007 -0.440189 -0.305201 -0.504093 0.677478
55203911009243 -0.197772 0.013956 0.045875 -0.449033 -0.293364 -0.497634 0.681666
55203944286402 -0.218802 0.015143 0.051626 -0.457435 -0.280842 -0.489763 0.687032
55203977622828 -0.238251 0.016524 0.058522 -0.462407 -0.267035 -0.482146 0.694556
55204010959498 -0.256174 0.017330 0.065048 -0.466723 -0.254570 -0.473561 0.702213
55204044288340 -0.273790 0.017816 0.069869 -0.471602 -0.243683 -0.465829 0.707964
55204077624765 -0.287862 0.017966 0.075029 -0.478576 -0.233693 -0.459171 0.710995
55204110961435 -0.299944 0.018277 0.079628 -0.482281 -0.223785 -0.453102 0.715559
55204144298380 -0.309660 0.018678 0.082639 -0.486558 -0.213465 -0.448298 0.718834
55204177634806 -0.317470 0.019591 0.086005 -0.495303 -0.201076 -0.445718 0.718038
55204210971476 -0.323117 0.020604 0.088557 -0.503227 -0.190482 -0.443553 0.716757
55204244303547 -0.325923 0.020696 0.087981 -0.508013 -0.186564 -0.437960 0.717849
55204277639973 -0.327685 0.020826 0.088321 -0.510238 -0.181604 -0.434170 0.719843
55204310976643 -0.327218 0.021272 0.087718 -0.508697 -0.177260 -0.432626 0.722939
55204344340029 -0.324590 0.021312 0.084897 -0.500919 -0.177730 -0.430143 0.729705
55204377676454 -0.320092 0.021092 0.081862 -0.491354 -0.180204 -0.428077 0.736782
55204411013124 -0.313336 0.021127 0.077669 -0.482615 -0.183596 -0.428406 0.741514
55204444336285 -0.303371 0.022795 0.072934 -0.472189 -0.189732 -0.431134 0.745092
55204477672711 -0.292398 0.023094 0.066473 -0.462892 -0.196997 -0.435155 0.746702
55204511009381 -0.279570 0.023436 0.059173 -0.453921 -0.204709 -0.441493 0.746414
55204544263838 -0.263621 0.024853 0.051342 -0.449633 -0.214360 -0.446893 0.743079
55204577600264 -0.248257 0.024176 0.043019 -0.445990 -0.224294 -0.452156 0.739149
55204610936933 -0.232028 0.023303 0.034609 -0.439890 -0.234479 -0.456758 0.736810
55204644311157 -0.214584 0.021591 0.026317 -0.434977 -0.245067 -0.460333 0.734051
55204677647583 -0.197135 0.019867 0.017542 -0.433414 -0.255652 -0.464152 0.728943
55204710984253 -0.179342 0.017973 0.008636 -0.432154 -0.264867 -0.468308 0.723724
55204744316030 -0.162047 0.016477 -0.000313 -0.426950 -0.273544 -0.471595 0.721447
55204777652456 -0.144356 0.014089 -0.009657 -0.422638 -0.281899 -0.474287 0.719001
55204810989126 -0.127011 0.011708 -0.019016 -0.419859 -0.287784 -0.476554 0.716795
55204844345692 -0.108354 0.009511 -0.027793 -0.417156 -0.293383 -0.477830 0.715252
55204877682117 -0.091443 0.007030 -0.038306 -0.416372 -0.300085 -0.478530 0.712455
55204911018787 -0.074864 0.005090 -0.049525 -0.415750 -0.305858 -0.480454 0.709061
55204944314658 -0.058042 0.002610 -0.061748 -0.417011 -0.308250 -0.483947 0.704896
55204977651084 -0.043374 0.001289 -0.073978 -0.418282 -0.310126 -0.485588 0.702187
55205010987754 -0.029943 0.000144 -0.086834 -0.417223 -0.312237 -0.486046 0.701564
55205044368333 -0.017661 -0.000867 -0.100758 -0.417058 -0.313733 -0.486474 0.700697
55205077704759 -0.006547 -0.001260 -0.114372 -0.416087 -0.314661 -0.487552 0.700109
55205111041429 0.003255 -0.001292 -0.128240 -0.414461 -0.316180 -0.487556 0.700387
55205144367116 0.010985 0.000043 -0.142572 -0.412668 -0.315864 -0.487345 0.701734
55205177703541 0.018062 0.002443 -0.155891 -0.412019 -0.310698 -0.489966 0.702596
55205211040211 0.023755 0.004753 -0.169437 -0.412685 -0.306297 -0.492751 0.702189
55205244383811 0.027259 0.005871 -0.183182 -0.412752 -0.304036 -0.492268 0.703470
55205277720237 0.028877 0.006977 -0.197252 -0.408370 -0.302092 -0.488229 0.709652
55205311056907 0.028943 0.008669 -0.211158 -0.403212 -0.297262 -0.484732 0.717001
55205344398022 0.027335 0.010306 -0.224469 -0.398372 -0.292107 -0.482965 0.722992
55205377734448 0.025100 0.011527 -0.239082 -0.390854 -0.290628 -0.478325 0.730735
55205411071117 0.021522 0.012832 -0.253500 -0.381644 -0.287999 -0.471850 0.740785
55205444362679 0.016157 0.014698 -0.267018 -0.370449 -0.284290 -0.463900 0.752824
55205477699105 0.010462 0.015260 -0.281025 -0.355013 -0.283380 -0.451793 0.767818
55205511035775 0.004186 0.014826 -0.295009 -0.338981 -0.285518 -0.436032 0.783229
55205544254997 -0.003383 0.016186 -0.307389 -0.329671 -0.281654 -0.423215 0.795536
55205577591423 -0.010939 0.016305 -0.319385 -0.322583 -0.277746 -0.410021 0.806647
55205610928093 -0.019134 0.015767 -0.330973 -0.312424 -0.275569 -0.393827 0.819362
55205644336261 -0.028687 0.015058 -0.340697 -0.305043 -0.271404 -0.377773 0.831009
55205677672686 -0.038469 0.015118 -0.350347 -0.296560 -0.266795 -0.363895 0.841697
55205711009356 -0.049284 0.014925 -0.359309 -0.286150 -0.263179 -0.348894 0.852718
55205744347578 -0.061507 0.012817 -0.367897 -0.271675 -0.259387 -0.324388 0.868149
55205777684004 -0.075499 0.010978 -0.373895 -0.239235 -0.249096 -0.295415 0.890757
55205811020674 -0.090106 0.009188 -0.378688 -0.211529 -0.234525 -0.269415 0.909763
55205844297315 -0.104219 0.007401 -0.384667 -0.201871 -0.225875 -0.252196 0.919035
55205877633741 -0.118411 0.006450 -0.390561 -0.197563 -0.221740 -0.240996 0.923970
55205910970411 -0.133332 0.006315 -0.395786 -0.194476 -0.216704 -0.233610 0.927709
55205944321078 -0.148306 0.008447 -0.398557 -0.192742 -0.210795 -0.229734 0.930397
55205977657503 -0.164701 0.009268 -0.402497 -0.191860 -0.208099 -0.227541 0.931724
55206010994173 -0.181759 0.009863 -0.406292 -0.188904 -0.208620 -0.225748 0.932647
55206044279093 -0.200415 0.008138 -0.410976 -0.184595 -0.209164 -0.221200 0.934476
55206077615519 -0.218636 0.006903 -0.413241 -0.185975 -0.211355 -0.216341 0.934847
55206110952189 -0.237086 0.005499 -0.414817 -0.187286 -0.214767 -0.211265 0.934968
55206144252916 -0.256800 0.004065 -0.416423 -0.180566 -0.216496 -0.206864 0.936874
55206177589342 -0.275212 0.002897 -0.416797 -0.181873 -0.216766 -0.204664 0.937042
55206210926011 -0.293160 0.001767 -0.416798 -0.184629 -0.215598 -0.204841 0.936734
55206244223323 -0.313939 0.004473 -0.408385 -0.188219 -0.217844 -0.206774 0.935073
55206277625475 -0.330360 0.002820 -0.408815 -0.195362 -0.221708 -0.210677 0.931823
55206310962145 -0.345983 0.000817 -0.409128 -0.199634 -0.222549 -0.214593 0.929821
55206344277895 -0.360009 -0.001747 -0.409847 -0.205049 -0.225149 -0.215561 0.927791
55206377614321 -0.373044 -0.004978 -0.412188 -0.210675 -0.229845 -0.216754 0.925097
55206410950991 -0.384615 -0.008054 -0.415987 -0.218307 -0.236044 -0.217716 0.921534
55206444283722 -0.393927 -0.008287 -0.419679 -0.225877 -0.240023 -0.217910 0.918631
55206477620147 -0.402681 -0.008217 -0.426801 -0.231433 -0.244835 -0.217551 0.916060
55206510956817 -0.409645 -0.004718 -0.436922 -0.239188 -0.251772 -0.219733 0.911656
55206544247862 -0.418271 0.004572 -0.446899 -0.241047 -0.252872 -0.220874 0.910586
55206577584288 -0.423188 0.018711 -0.461622 -0.229527 -0.250255 -0.223077 0.913743
55206610920958 -0.426686 0.038310 -0.479066 -0.217974 -0.249364 -0.228866 0.915383
55206644349870 -0.431282 0.060862 -0.499446 -0.209522 -0.254724 -0.241452 0.912643
55206677686296 -0.432517 0.089964 -0.518514 -0.201529 -0.255093 -0.253780 0.910993
55206711022966 -0.433239 0.122058 -0.536026 -0.187771 -0.251429 -0.263257 0.912262
55206744443242 -0.432106 0.151083 -0.551474 -0.166837 -0.243550 -0.271940 0.915913
55206777779667 -0.431778 0.186353 -0.566186 -0.142189 -0.236625 -0.280792 0.919210
55206811116337 -0.430545 0.221213 -0.580102 -0.123520 -0.234310 -0.289042 0.919944
55206844452895 -0.428283 0.254341 -0.591799 -0.107054 -0.234700 -0.294577 0.920152
55206877789321 -0.427337 0.287809 -0.601368 -0.085832 -0.231140 -0.297810 0.922234
55206911125991 -0.427251 0.320298 -0.608277 -0.064189 -0.222948 -0.300778 0.925044
55206944427936 -0.428039 0.351032 -0.612205 -0.048466 -0.216971 -0.305364 0.925920
55206977764362 -0.428729 0.377709 -0.616455 -0.034816 -0.212751 -0.311950 0.925317
55207011101031 -0.430272 0.399125 -0.619147 -0.022720 -0.207026 -0.317343 0.925158
55207044452096 -0.431683 0.413496 -0.621118 -0.011760 -0.203692 -0.320773 0.924919
55207077788522 -0.433929 0.421660 -0.624056 -0.003879 -0.203561 -0.325486 0.923367
55207111125192 -0.436552 0.422637 -0.626915 -0.002004 -0.203762 -0.331230 0.921284
55207144462018 -0.438857 0.416183 -0.629520 -0.006431 -0.205218 -0.338307 0.918364
55207177798444 -0.441691 0.401926 -0.632540 -0.014940 -0.209710 -0.341699 0.915991
55207211135114 -0.445202 0.380551 -0.635319 -0.027128 -0.214650 -0.340989 0.914831
55207244464331 -0.449579 0.353800 -0.639240 -0.039894 -0.222290 -0.336839 0.914076
55207277800756 -0.453981 0.323645 -0.641509 -0.051866 -0.233009 -0.331293 0.912832
55207311137426 -0.459038 0.291640 -0.641693 -0.069557 -0.241507 -0.327697 0.910742
55207344477163 -0.464531 0.258262 -0.639808 -0.091121 -0.248426 -0.324743 0.908033
55207377813589 -0.471081 0.224298 -0.636492 -0.108895 -0.256265 -0.319396 0.905791
55207411150259 -0.478235 0.190577 -0.631781 -0.129220 -0.263120 -0.313581 0.903181
55207444446074 -0.481857 0.161563 -0.626788 -0.152575 -0.270756 -0.310654 0.898280
55207477782500 -0.488876 0.130703 -0.621133 -0.172837 -0.279530 -0.308522 0.892639
55207511119170 -0.495976 0.102324 -0.614597 -0.190987 -0.287716 -0.306784 0.886920
55207544434116 -0.498767 0.079464 -0.610166 -0.206706 -0.297340 -0.309802 0.879138
55207577770541 -0.506434 0.060458 -0.603180 -0.225346 -0.307107 -0.324069 0.865958
55207611107211 -0.516462 0.045186 -0.595322 -0.247308 -0.314277 -0.343661 0.849686
55207644414764 -0.522385 0.034013 -0.589774 -0.260398 -0.321477 -0.364411 0.834296
55207677751190 -0.537346 0.024783 -0.582029 -0.270732 -0.330571 -0.389696 0.815821
55207711087860 -0.554574 0.017938 -0.573279 -0.287193 -0.342861 -0.422399 0.788382
55207744347561 -0.573966 0.012749 -0.564657 -0.310693 -0.352788 -0.457596 0.754729
55207777683987 -0.595539 0.010502 -0.554285 -0.329989 -0.355146 -0.493975 0.721781
55207811020656 -0.618393 0.010715 -0.542928 -0.347004 -0.351916 -0.530170 0.688958
55207844351313 -0.642975 0.015990 -0.531824 -0.364847 -0.346151 -0.570260 0.649515
55207877687739 -0.664425 0.018252 -0.520359 -0.390424 -0.333990 -0.608010 0.605263
55207911024409 -0.684241 0.020988 -0.508936 -0.402514 -0.323852 -0.639828 0.568966
55207944370642 -0.706586 0.024297 -0.498500 -0.409421 -0.315118 -0.665966 0.538112
55207977707068 -0.723294 0.025489 -0.487656 -0.421974 -0.304262 -0.686289 0.508301
55208011043738 -0.737009 0.025256 -0.477949 -0.440290 -0.293577 -0.704953 0.472228
55208044438362 -0.747082 0.019625 -0.468580 -0.455296 -0.289103 -0.723060 0.431636
55208077774787 -0.751579 0.017737 -0.459163 -0.463624 -0.287323 -0.738500 0.396378
55208111111457 -0.750885 0.015920 -0.449654 -0.460918 -0.290942 -0.752613 0.369433
55208144396627 -0.747253 0.016895 -0.439527 -0.453558 -0.296464 -0.767545 0.342444
55208177733053 -0.736678 0.011749 -0.429821 -0.445590 -0.305552 -0.780646 0.314131
55208211069723 -0.722153 0.003619 -0.419864 -0.434724 -0.321026 -0.791295 0.286023
55208244327906 -0.705642 -0.008199 -0.409894 -0.426953 -0.336821 -0.799416 0.255337
55208277664332 -0.685772 -0.021051 -0.399020 -0.415188 -0.356455 -0.805956 0.225818
55208311001002 -0.663734 -0.036010 -0.386828 -0.400177 -0.378055 -0.812365 0.192343
55208344234311 -0.649153 -0.054289 -0.368739 -0.382607 -0.403503 -0.814841 0.163800
55208377570736 -0.628112 -0.069455 -0.353990 -0.361510 -0.435972 -0.810703 0.148327
55208410907406 -0.607754 -0.083409 -0.337674 -0.339377 -0.464778 -0.806823 0.133574
55208444290176 -0.593264 -0.099143 -0.317658 -0.318027 -0.487370 -0.804116 0.121357
55208477626602 -0.575677 -0.110021 -0.299532 -0.296863 -0.510212 -0.799080 0.114136
55208510963272 -0.558482 -0.119616 -0.280779 -0.273114 -0.537731 -0.789932 0.110734
55208544236878 -0.539277 -0.128145 -0.260065 -0.252345 -0.562822 -0.780226 0.103927
55208577573304 -0.523389 -0.135622 -0.240973 -0.233522 -0.593446 -0.763556 0.101350
55208610909973 -0.508970 -0.140805 -0.222377 -0.212968 -0.630860 -0.738054 0.109253
55208644485695 -0.503212 -0.130542 -0.212811 -0.190390 -0.672429 -0.702564 0.134145
55208677822121 -0.492342 -0.128645 -0.199160 -0.163455 -0.710829 -0.660094 0.179666
55208711158791 -0.480946 -0.125718 -0.186423 -0.140372 -0.736592 -0.625157 0.216578
55208744495461 -0.468162 -0.121645 -0.175195 -0.128597 -0.752014 -0.602729 0.233786
55208777643660 -0.454491 -0.117890 -0.165149 -0.116427 -0.764563 -0.582434 0.250317
55208810980330 -0.440179 -0.113421 -0.157320 -0.104785 -0.775685 -0.562606 0.266095
55208844326297 -0.425925 -0.109106 -0.151957 -0.095998 -0.784356 -0.544678 0.280885
55208877662722 -0.411338 -0.104291 -0.149335 -0.088976 -0.792703 -0.524932 0.296905
55208911016208 -0.391551 -0.107717 -0.138013 -0.081051 -0.799215 -0.502567 0.319550
55208944352878 -0.377487 -0.102406 -0.139370 -0.073490 -0.806028 -0.476286 0.343611
55208977689304 -0.362941 -0.096705 -0.142014 -0.065085 -0.810070 -0.455890 0.362925
55209011025974 -0.348581 -0.091703 -0.146376 -0.060108 -0.812427 -0.437114 0.381156
55209044294255 -0.338477 -0.088608 -0.154078 -0.055819 -0.816196 -0.414259 0.398871
55209077630681 -0.324232 -0.086134 -0.160962 -0.055608 -0.819254 -0.392932 0.413926
55209110967351 -0.310438 -0.084617 -0.169164 -0.060289 -0.819958 -0.374253 0.428916
55209144326691 -0.297192 -0.083910 -0.177660 -0.062038 -0.821587 -0.343391 0.450808
55209177663116 -0.282911 -0.083234 -0.187215 -0.052404 -0.825281 -0.299879 0.475644
55209210999786 -0.268807 -0.082830 -0.197096 -0.048344 -0.824414 -0.264376 0.498106
55209244395726 -0.256278 -0.081437 -0.207674 -0.049817 -0.821028 -0.228015 0.520999
55209277732152 -0.240858 -0.083215 -0.217103 -0.040329 -0.820903 -0.174783 0.542164
55209310930303 -0.225148 -0.084259 -0.226464 -0.028229 -0.817975 -0.127299 0.560281
55209344445789 -0.209458 -0.082502 -0.236774 -0.024952 -0.815221 -0.101360 0.569665
55209377782215 -0.193106 -0.082738 -0.245910 -0.029526 -0.816199 -0.091793 0.569668
55209411118884 -0.176623 -0.083055 -0.254998 -0.030637 -0.819817 -0.080765 0.566073
55209444495438 -0.160928 -0.082593 -0.264879 -0.026643 -0.821566 -0.070374 0.565125
55209477831864 -0.148936 -0.082056 -0.275758 -0.027968 -0.822015 -0.074400 0.563892
55209511168534 -0.138961 -0.082055 -0.286967 -0.033731 -0.824868 -0.087810 0.557444
55209544548936 -0.129946 -0.081513 -0.301244 -0.034489 -0.827989 -0.096280 0.551339
55209577885362 -0.126409 -0.082256 -0.315538 -0.030178 -0.826785 -0.098698 0.552969
55209611222032 -0.127469 -0.083167 -0.332239 -0.028861 -0.822507 -0.106331 0.557981
55209644667953 -0.132398 -0.081051 -0.350861 -0.036454 -0.818284 -0.137870 0.556843
55209678004378 -0.141014 -0.079176 -0.372153 -0.047434 -0.811119 -0.184235 0.553076
55209711341048 -0.153426 -0.075781 -0.395430 -0.056510 -0.798343 -0.234504 0.551782
55209744631975 -0.171194 -0.073611 -0.416202 -0.065247 -0.784565 -0.285303 0.546628
55209777968401 -0.188447 -0.069269 -0.441421 -0.074751 -0.768251 -0.336215 0.539594
55209811305071 -0.208215 -0.064107 -0.467440 -0.080946 -0.748796 -0.381612 0.535840
55209844595884 -0.229025 -0.061119 -0.492924 -0.085251 -0.730485 -0.416061 0.534805
55209877932310 -0.251743 -0.056515 -0.520115 -0.091455 -0.713788 -0.447694 0.530766
55209911268980 -0.276012 -0.051655 -0.547596 -0.104714 -0.693638 -0.483065 0.523975
55209944530480 -0.297944 -0.049128 -0.572658 -0.119254 -0.671539 -0.519898 0.514316
55209977866905 -0.323616 -0.043450 -0.599554 -0.132133 -0.650280 -0.553789 0.502985
55210011203575 -0.350358 -0.038302 -0.625937 -0.151074 -0.628296 -0.586963 0.487746
55210044543884 -0.378231 -0.032422 -0.652168 -0.167590 -0.608459 -0.615411 0.472187
55210077880310 -0.407257 -0.027046 -0.678060 -0.182925 -0.589252 -0.638487 0.460060
55210111216980 -0.437593 -0.021356 -0.704330 -0.197181 -0.569843 -0.656181 0.453680
55210144569778 -0.465621 -0.016988 -0.732291 -0.213053 -0.549137 -0.673581 0.446481
55210177906204 -0.496938 -0.012184 -0.759371 -0.233219 -0.527975 -0.688816 0.438616
55210211242873 -0.529466 -0.007139 -0.786554 -0.249849 -0.507908 -0.698533 0.437786
55210244584131 -0.561042 -0.005356 -0.810708 -0.267857 -0.487724 -0.704818 0.440011
55210277920557 -0.595789 -0.000642 -0.836870 -0.287641 -0.465685 -0.708671 0.445179
55210311257227 -0.631680 0.003691 -0.861997 -0.309391 -0.443550 -0.709095 0.452464
55210344598679 -0.665754 0.003266 -0.887241 -0.334047 -0.424688 -0.704220 0.460573
55210377935105 -0.703280 0.006033 -0.910170 -0.354982 -0.408911 -0.694675 0.473503
55210411271775 -0.742161 0.008698 -0.931662 -0.372724 -0.394206 -0.678896 0.494752
55210444608702 -0.781960 0.012303 -0.951786 -0.384368 -0.382827 -0.656262 0.524428
55210477945127 -0.821413 0.013653 -0.970467 -0.397337 -0.369657 -0.633040 0.552030
55210511281797 -0.859670 0.014638 -0.987742 -0.414499 -0.353371 -0.611694 0.573716
55210544599547 -0.894852 0.017748 -1.002379 -0.427242 -0.335058 -0.591951 0.595646
55210577935973 -0.929911 0.019096 -1.017435 -0.437682 -0.316783 -0.572676 0.616543
55210611272643 -0.963900 0.019795 -1.031381 -0.451351 -0.296767 -0.554116 0.633377
55210644728015 -0.996365 0.019312 -1.046238 -0.465358 -0.277233 -0.535743 0.647737
55210678064441 -1.028764 0.018292 -1.058231 -0.478238 -0.258148 -0.516973 0.661352
55210711366813 -1.062078 0.016717 -1.071422 -0.494181 -0.237863 -0.499096 0.670902
55210744612978 -1.094407 0.014248 -1.080661 -0.511835 -0.215348 -0.480158 0.679042
55210778039908 -1.127139 0.011156 -1.087726 -0.525748 -0.191097 -0.458511 0.690535
55210811376578 -1.159154 0.007502 -1.092196 -0.537276 -0.165117 -0.434233 0.703927
55210844622254 -1.189201 0.002823 -1.093982 -0.548232 -0.137017 -0.408626 0.716724
55210877958680 -1.217258 -0.001403 -1.093895 -0.560728 -0.111965 -0.382223 0.725915
55210911295350 -1.242815 -0.005159 -1.092141 -0.574242 -0.088489 -0.357285 0.731275
55210944632020 -1.268154 -0.007153 -1.088918 -0.589826 -0.063971 -0.333896 0.732480
55210977944794 -1.289075 -0.009220 -1.082844 -0.603986 -0.038763 -0.310542 0.732982
55211011281463 -1.307129 -0.010915 -1.074389 -0.614660 -0.012900 -0.287440 0.734442
55211044640257 -1.318787 -0.012850 -1.060991 -0.624991 0.012691 -0.263532 0.734694
55211077976683 -1.329393 -0.014380 -1.048535 -0.634310 0.036520 -0.239917 0.734001
55211111313353 -1.336302 -0.015143 -1.034190 -0.642501 0.060819 -0.217708 0.732186
55211144633893 -1.339522 -0.015615 -1.018038 -0.649560 0.088114 -0.196274 0.729236
55211177970319 -1.339696 -0.015899 -1.000663 -0.652612 0.111919 -0.175989 0.728423
55211211190728 -1.336755 -0.016297 -0.982956 -0.657053 0.129536 -0.155696 0.726127
55211244643659 -1.329849 -0.015211 -0.964465 -0.666464 0.148403 -0.136205 0.717810
55211277964136 -1.320119 -0.013187 -0.945880 -0.672326 0.171604 -0.119250 0.710148
55211311300806 -1.306385 -0.011018 -0.927557 -0.672442 0.196466 -0.104852 0.705853
55211344660457 -1.290925 -0.009921 -0.910846 -0.672356 0.219107 -0.091380 0.701127
55211377996883 -1.272573 -0.009239 -0.896285 -0.675710 0.235522 -0.076686 0.694309
55211411333553 -1.252376 -0.009343 -0.884022 -0.677957 0.248877 -0.063175 0.688798
55211444648016 -1.231999 -0.009960 -0.874201 -0.679596 0.261137 -0.051327 0.683610
55211477984442 -1.208279 -0.011468 -0.865955 -0.682141 0.272003 -0.038806 0.677637
55211507151464 -1.186362 -0.013643 -0.860166 -0.682494 0.281109 -0.028494 0.674068
55211540477785 -1.157972 -0.016545 -0.854140 -0.679926 0.291385 -0.017794 0.672666
55211573814210 -1.129737 -0.019941 -0.850865 -0.674283 0.303972 -0.008267 0.672960
55211607150880 -1.100394 -0.023420 -0.849512 -0.667492 0.315230 0.001036 0.674599
55211640496210 -1.070167 -0.027688 -0.850079 -0.661861 0.321964 0.012511 0.676847
55211673832636 -1.040859 -0.029319 -0.852045 -0.654809 0.332161 0.022712 0.678512
55211707169306 -1.012567 -0.029299 -0.856143 -0.650322 0.342383 0.028285 0.677536
55211740616948 -0.986862 -0.030135 -0.862092 -0.656348 0.338845 0.040220 0.672884
55211773953374 -0.962025 -0.031641 -0.870331 -0.667471 0.326317 0.059260 0.666699
55211807290043 -0.937777 -0.031196 -0.880567 -0.689912 0.311316 0.081554 0.648424
55211840731126 -0.915116 -0.028554 -0.893223 -0.710198 0.299318 0.094205 0.630201
55211874067552 -0.894046 -0.025609 -0.907619 -0.729353 0.287210 0.100433 0.612754
55211907404222 -0.874728 -0.022923 -0.924315 -0.754936 0.268617 0.108741 0.588296
55211940687184 -0.857797 -0.020613 -0.943943 -0.774149 0.248067 0.105034 0.572820
55211973898235 -0.844005 -0.020642 -0.965113 -0.781414 0.224539 0.089364 0.575316
55212007360280 -0.830037 -0.022089 -0.987832 -0.793113 0.199472 0.081169 0.569731
55212040759556 -0.818032 -0.025545 -1.010957 -0.811597 0.169241 0.073899 0.554263
55212074095981 -0.807168 -0.029967 -1.037739 -0.820852 0.134640 0.054902 0.552322
55212107432651 -0.797232 -0.036574 -1.065702 -0.821537 0.098009 0.030390 0.560845
55212140785608 -0.785437 -0.044295 -1.094162 -0.821856 0.060445 0.012903 0.566333
55212178291682 -0.773147 -0.055594 -1.124564 -0.806872 0.018430 -0.007810 0.590387
55212211628352 -0.761094 -0.066954 -1.151007 -0.781187 -0.017881 -0.024450 0.623562
55212245077764 -0.745262 -0.074016 -1.179662 -0.762599 -0.058107 -0.031957 0.643463
55212278414190 -0.730011 -0.087210 -1.203252 -0.753927 -0.098214 -0.032284 0.648773
55212311750860 -0.714382 -0.100365 -1.225276 -0.744331 -0.136922 -0.032045 0.652838
55212345175300 -0.698236 -0.109333 -1.245059 -0.737218 -0.164079 -0.033260 0.654585
55212378511725 -0.682549 -0.121113 -1.264182 -0.726409 -0.188723 -0.037633 0.659771
55212411848395 -0.665980 -0.133537 -1.282096 -0.715935 -0.218605 -0.037087 0.662022
55212445018885 -0.648667 -0.146663 -1.299643 -0.707379 -0.242427 -0.032633 0.663159
55212478355311 -0.633050 -0.155118 -1.313260 -0.698345 -0.256358 -0.035088 0.667356
55212511691981 -0.618963 -0.162572 -1.324025 -0.691340 -0.261529 -0.038367 0.672443
55212545115884 -0.606482 -0.174580 -1.330426 -0.687656 -0.270442 -0.035094 0.672873
55212578452310 -0.594164 -0.185177 -1.336653 -0.686019 -0.280821 -0.028129 0.670616
55212611788979 -0.583113 -0.196078 -1.341621 -0.678071 -0.286978 -0.021759 0.676306
55212645216530 -0.574082 -0.206399 -1.347313 -0.669786 -0.296567 -0.015012 0.680594
55212678552956 -0.564450 -0.216098 -1.351737 -0.662101 -0.303722 -0.010802 0.685024
55212711889626 -0.556058 -0.222835 -1.355494 -0.653154 -0.300687 -0.009375 0.694902
55212745239081 -0.547057 -0.226289 -1.362225 -0.642816 -0.291789 -0.010429 0.708193
55212778575507 -0.540001 -0.226326 -1.365650 -0.637469 -0.276826 -0.016484 0.718838
55212811912177 -0.534450 -0.222684 -1.367603 -0.626816 -0.247211 -0.023667 0.738531
55212845048970 -0.530184 -0.218128 -1.368043 -0.611038 -0.211819 -0.034473 0.761955
55212878385395 -0.526295 -0.211074 -1.368040 -0.596147 -0.176889 -0.043834 0.781919
55212911722065 -0.523100 -0.203793 -1.367029 -0.580245 -0.144933 -0.049725 0.799899
55212945135587 -0.520751 -0.195274 -1.368616 -0.566772 -0.121269 -0.054422 0.813081
55212978472013 -0.520034 -0.185541 -1.367311 -0.556441 -0.100850 -0.062052 0.822406
55213011808683 -0.520822 -0.173657 -1.365169 -0.542387 -0.078552 -0.073347 0.833226
55213045415594 -0.522205 -0.160397 -1.361076 -0.520297 -0.055842 -0.086175 0.847789
55213074582372 -0.524565 -0.148550 -1.357600 -0.501422 -0.036095 -0.096218 0.859078
55213107919042 -0.527615 -0.135432 -1.352592 -0.480868 -0.014398 -0.103996 0.870484
55213141310310 -0.530651 -0.123284 -1.346304 -0.454410 0.006972 -0.107958 0.884199
55213174646735 -0.533972 -0.111889 -1.339248 -0.425395 0.029982 -0.111282 0.897639
55213207983405 -0.537278 -0.101551 -1.331481 -0.402853 0.050683 -0.113242 0.906817
55213241351559 -0.539986 -0.092910 -1.322492 -0.379651 0.068161 -0.110194 0.916011
55213274687985 -0.543383 -0.086687 -1.312821 -0.357314 0.085956 -0.104946 0.924080
55213312194303 -0.547252 -0.080561 -1.300878 -0.337162 0.105954 -0.100744 0.930025
55213345511282 -0.550286 -0.076762 -1.289482 -0.307698 0.126065 -0.096494 0.938146
55213378847708 -0.553866 -0.074342 -1.277845 -0.274149 0.144152 -0.089964 0.946556
55213412184377 -0.557696 -0.072165 -1.265919 -0.250145 0.157625 -0.082743 0.951701
55213445458603 -0.562105 -0.066528 -1.252014 -0.231079 0.174300 -0.075249 0.954233
55213478795029 -0.566265 -0.065909 -1.238264 -0.198590 0.197607 -0.064545 0.957783
55213512131699 -0.571204 -0.065467 -1.224491 -0.164534 0.224011 -0.057628 0.958867
55213545517710 -0.578084 -0.065698 -1.212137 -0.145418 0.247414 -0.046089 0.956826
55213578854136 -0.585204 -0.067964 -1.199514 -0.131562 0.267823 -0.026992 0.954062
55213612190806 -0.593672 -0.071204 -1.187784 -0.115054 0.287951 -0.006710 0.950685
55213645601157 -0.601238 -0.073220 -1.174850 -0.096990 0.314937 0.004590 0.944133
55213678937582 -0.612047 -0.074578 -1.163833 -0.085782 0.335131 0.015626 0.938128
55213712274252 -0.624620 -0.075267 -1.154051 -0.081078 0.348668 0.027977 0.933314
55213745633544 -0.638129 -0.073474 -1.145111 -0.077962 0.359567 0.037038 0.929119
55213778969970 -0.653419 -0.068299 -1.137434 -0.074244 0.369378 0.042967 0.925312
55213812306640 -0.669358 -0.058081 -1.131307 -0.072484 0.377474 0.050466 0.921799
55213845669781 -0.687098 -0.039236 -1.125982 -0.068978 0.385242 0.051064 0.918816
55213879006207 -0.705565 -0.014560 -1.120748 -0.054964 0.400178 0.040957 0.913870
55213912342877 -0.725255 0.015425 -1.115930 -0.040997 0.415644 0.028713 0.908149
55213945474282 -0.746369 0.048425 -1.107928 -0.034830 0.425583 0.019535 0.904038
55213978810707 -0.767183 0.087184 -1.104347 -0.024568 0.433404 0.001758 0.900863
55214012147377 -0.787423 0.129676 -1.101530 -0.004615 0.437949 -0.025777 0.898618
55214045454263 -0.806488 0.172313 -1.100013 0.015933 0.439628 -0.051878 0.896539
55214078790689 -0.820181 0.214894 -1.096533 0.028109 0.441808 -0.072387 0.893743
55214112127359 -0.829821 0.254860 -1.092185 0.040963 0.445210 -0.091424 0.889804
55214145404376 -0.837437 0.292405 -1.080760 0.058350 0.448719 -0.110633 0.884877
55214178740802 -0.841067 0.323783 -1.075106 0.068964 0.449857 -0.126871 0.881349
55214212077471 -0.842604 0.349260 -1.069486 0.070109 0.449243 -0.138935 0.879751
55214245240347 -0.845451 0.365713 -1.069052 0.073126 0.448588 -0.149050 0.878183
55214278576773 -0.845053 0.377388 -1.064594 0.076125 0.446595 -0.158073 0.877366
55214311913443 -0.844199 0.382683 -1.061003 0.071194 0.441806 -0.163377 0.879231
55214345154229 -0.845634 0.379018 -1.068340 0.061788 0.436474 -0.165920 0.882124
55214378490655 -0.843692 0.372147 -1.066485 0.050176 0.432131 -0.166163 0.884949
55214411827325 -0.841581 0.359690 -1.065251 0.031401 0.426495 -0.161334 0.889431
55214444933988 -0.846191 0.345785 -1.072314 0.010761 0.420031 -0.151878 0.894646
55214478270413 -0.844079 0.324302 -1.072590 -0.003438 0.413208 -0.141460 0.899576
55214511607083 -0.841472 0.300514 -1.073131 -0.019519 0.404108 -0.132482 0.904856
55214545028281 -0.834263 0.278719 -1.068505 -0.048752 0.390846 -0.124439 0.910702
55214578364707 -0.829088 0.252800 -1.068337 -0.081961 0.377151 -0.114375 0.915400
55214611701377 -0.822886 0.226780 -1.067902 -0.112403 0.361720 -0.107303 0.919244
55214645065011 -0.813083 0.200810 -1.062634 -0.146113 0.340771 -0.099076 0.923423
55214678401437 -0.805131 0.177234 -1.060057 -0.190411 0.320998 -0.089790 0.923386
55214711738107 -0.797527 0.157714 -1.055868 -0.234634 0.303800 -0.088449 0.919146
55214745138518 -0.786951 0.139815 -1.048447 -0.275851 0.289718 -0.090035 0.912065
55214778474943 -0.780762 0.127530 -1.039487 -0.314837 0.281465 -0.093034 0.901665
55214811811613 -0.776874 0.119709 -1.029501 -0.352932 0.270984 -0.102984 0.889607
55214845245663 -0.776562 0.118355 -1.019892 -0.398831 0.257893 -0.120460 0.871731
55214878582089 -0.775973 0.117616 -1.008177 -0.446496 0.244899 -0.139007 0.849319
55214911918759 -0.776537 0.117493 -0.995306 -0.483845 0.231158 -0.157693 0.829212
55214945207846 -0.772940 0.116340 -0.985121 -0.509764 0.220638 -0.180362 0.811745
55214978544272 -0.774641 0.117124 -0.970800 -0.529975 0.205284 -0.202092 0.797586
55215011880941 -0.776974 0.116732 -0.956171 -0.554383 0.183300 -0.217937 0.782026
55215045155871 -0.776147 0.108193 -0.936431 -0.575043 0.169282 -0.229877 0.766698
55215078492297 -0.776123 0.108675 -0.917240 -0.589927 0.162525 -0.242561 0.752818
55215111828967 -0.775504 0.108711 -0.896431 -0.612187 0.155419 -0.248015 0.734548
55215145230260 -0.775618 0.105714 -0.878514 -0.640835 0.146766 -0.245809 0.712298
55215178566686 -0.773819 0.104749 -0.854342 -0.665319 0.142118 -0.243039 0.691436
55215211903356 -0.771106 0.103891 -0.828826 -0.681040 0.141384 -0.243005 0.676124
55215245031739 -0.767949 0.100389 -0.801617 -0.694406 0.141755 -0.237543 0.664289
55215278368164 -0.764589 0.097500 -0.772781 -0.706581 0.143876 -0.226419 0.654811
55215311704834 -0.760568 0.094731 -0.743637 -0.712200 0.148215 -0.218782 0.650337
55215345113569 -0.756256 0.090974 -0.719296 -0.712129 0.154425 -0.217264 0.649478
55215378449995 -0.751864 0.087727 -0.692144 -0.711547 0.156738 -0.214600 0.650447
55215411786665 -0.747628 0.083750 -0.665063 -0.710381 0.159333 -0.207525 0.653380
55215445201980 -0.744090 0.078458 -0.637787 -0.707443 0.163404 -0.198643 0.658304
55215478538406 -0.739970 0.075696 -0.612181 -0.699294 0.174557 -0.192196 0.666017
55215511875076 -0.736375 0.074474 -0.588096 -0.686848 0.193848 -0.188420 0.674656
55215545225274 -0.735474 0.073328 -0.568941 -0.676520 0.212736 -0.183351 0.680769
55215578561699 -0.737177 0.072683 -0.550219 -0.667058 0.229672 -0.178035 0.685994
55215611898369 -0.742744 0.072903 -0.534895 -0.659206 0.243348 -0.176746 0.689195
55215645254980 -0.752592 0.071758 -0.520440 -0.650793 0.254319 -0.177723 0.692968
55215678591406 -0.766221 0.072821 -0.509811 -0.641383 0.263339 -0.180657 0.697598
55215711928076 -0.783476 0.074560 -0.501123 -0.631150 0.271370 -0.186537 0.702290
55215745196496 -0.804669 0.077449 -0.492201 -0.618705 0.277263 -0.196043 0.708447
55215778532922 -0.827960 0.079083 -0.486556 -0.601003 0.282541 -0.207511 0.718265
55215811869591 -0.853438 0.079957 -0.482123 -0.576865 0.287483 -0.220281 0.732159
55215845172321 -0.881570 0.080214 -0.480037 -0.545677 0.290456 -0.234383 0.750291
55215878508747 -0.909422 0.079857 -0.478145 -0.511087 0.294763 -0.246489 0.768861
55215911845417 -0.937093 0.078106 -0.477654 -0.478148 0.298105 -0.249749 0.787485
55215945155507 -0.964385 0.074494 -0.478184 -0.446789 0.295910 -0.243281 0.808474
55215978491933 -0.989190 0.071573 -0.483252 -0.418214 0.289037 -0.237911 0.827619
55216011828603 -1.011025 0.069527 -0.490156 -0.389891 0.283480 -0.235186 0.843985
55216045034465 -1.030312 0.066265 -0.499376 -0.361519 0.276939 -0.227055 0.860845
55216078369256 -1.048162 0.060467 -0.507563 -0.334903 0.267071 -0.208597 0.879204
55216111707560 -1.062737 0.055603 -0.515412 -0.316268 0.263080 -0.192346 0.890936
55216144943753 -1.074210 0.051407 -0.523186 -0.291253 0.268007 -0.174108 0.901682
55216178280179 -1.083627 0.044189 -0.528581 -0.253766 0.275786 -0.147137 0.915366
55216211616849 -1.089907 0.037976 -0.533423 -0.222095 0.286058 -0.119218 0.924463
55216245016985 -1.093792 0.033044 -0.536850 -0.194007 0.296259 -0.096568 0.930197
55216278462453 -1.096424 0.031418 -0.541064 -0.160110 0.305795 -0.078998 0.935207
55216311690081 -1.097521 0.031860 -0.543951 -0.121616 0.319117 -0.068648 0.937369
55216345014372 -1.098041 0.033559 -0.546165 -0.081983 0.328683 -0.063115 0.938756
55216378350797 -1.098861 0.036200 -0.548293 -0.038991 0.333190 -0.062251 0.939994
55216411687467 -1.099078 0.039787 -0.549295 0.001814 0.337525 -0.063085 0.939199
55216445018680 -1.098840 0.043854 -0.549882 0.030263 0.341767 -0.063095 0.937176
55216478355106 -1.097841 0.049029 -0.548844 0.065604 0.344777 -0.066150 0.934050
55216511691776 -1.097131 0.055015 -0.547915 0.115092 0.345005 -0.073823 0.928588
55216545034827 -1.095176 0.059086 -0.544914 0.147462 0.344623 -0.074702 0.924072
55216578371253 -1.092453 0.067183 -0.541654 0.154232 0.339479 -0.070910 0.925169
55216611751588 -1.090485 0.078385 -0.538650 0.149376 0.327993 -0.069159 0.930228
55216645088258 -1.087738 0.091811 -0.534722 0.140895 0.314507 -0.068842 0.936213
55216678424684 -1.084110 0.107851 -0.530012 0.129616 0.303045 -0.068780 0.941612
55216711761354 -1.080054 0.126635 -0.525343 0.128589 0.291593 -0.073308 0.945021
55216745024709 -1.074286 0.147358 -0.520455 0.132283 0.278474 -0.078540 0.948043
55216778361135 -1.069015 0.169299 -0.515552 0.136912 0.269538 -0.081754 0.949695
55216811697805 -1.063548 0.191997 -0.510417 0.151124 0.266589 -0.086233 0.947975
55216845128376 -1.059999 0.215327 -0.507070 0.175680 0.259823 -0.094283 0.944849
55216878464801 -1.055810 0.239194 -0.505049 0.187867 0.246810 -0.101906 0.945201
55216911801471 -1.051239 0.263479 -0.503271 0.183652 0.232950 -0.111097 0.948506
55216945313974 -1.045843 0.285632 -0.499931 0.176537 0.218989 -0.122733 0.951743
55216978650400 -1.040840 0.309063 -0.499243 0.170902 0.205766 -0.136682 0.953819
55217011987070 -1.035542 0.332515 -0.499331 0.153466 0.189272 -0.157760 0.956941
55217045201739 -1.026356 0.355162 -0.499076 0.118724 0.169108 -0.186848 0.960414
55217078538165 -1.019264 0.375178 -0.500759 0.086395 0.149988 -0.219918 0.960039
55217111874835 -1.011185 0.391644 -0.503733 0.058038 0.130498 -0.255341 0.956244
55217145083827 -1.003657 0.406852 -0.507163 0.020673 0.110683 -0.290254 0.950302
55217178420252 -0.993624 0.415726 -0.512541 -0.021034 0.091061 -0.327289 0.940291
55217211756922 -0.982883 0.421302 -0.518898 -0.058173 0.072698 -0.366368 0.925800
55217245130390 -0.974578 0.421063 -0.527553 -0.089665 0.053686 -0.405405 0.908144
55217278466816 -0.963487 0.419462 -0.535447 -0.123834 0.033622 -0.439215 0.889171
55217311803486 -0.951819 0.415691 -0.543284 -0.149686 0.013621 -0.471865 0.868765
55217345195729 -0.938280 0.406832 -0.548841 -0.169010 -0.004084 -0.503025 0.847576
55217378532155 -0.926938 0.399689 -0.556232 -0.188537 -0.022421 -0.528373 0.827510
55217411868824 -0.915004 0.392613 -0.564184 -0.193903 -0.044574 -0.555172 0.807588
55217445173849 -0.902517 0.383263 -0.571666 -0.190023 -0.070844 -0.585514 0.784885
55217478510275 -0.889932 0.376608 -0.579771 -0.197790 -0.094037 -0.613075 0.759062
55217511846945 -0.877538 0.370601 -0.588248 -0.194055 -0.123269 -0.638130 0.734804
55217545093824 -0.863367 0.368839 -0.598286 -0.189304 -0.149791 -0.664343 0.707372
55217578430250 -0.851099 0.364417 -0.604440 -0.187401 -0.168731 -0.691109 0.677332
55217611766920 -0.839919 0.359803 -0.609253 -0.175377 -0.190564 -0.716758 0.647446
55217645153478 -0.813832 0.347417 -0.598709 -0.160177 -0.215096 -0.737739 0.619531
55217678489903 -0.808962 0.340392 -0.602027 -0.144465 -0.240828 -0.748483 0.600753
55217711826573 -0.808540 0.332475 -0.605600 -0.134483 -0.262634 -0.751772 0.589726
55217745202323 -0.808938 0.322391 -0.596135 -0.114699 -0.282078 -0.743360 0.595560
55217778538749 -0.817173 0.315619 -0.598651 -0.084842 -0.298005 -0.725670 0.614327
55217811875419 -0.827849 0.309048 -0.600738 -0.052761 -0.304693 -0.704176 0.639152
55217845219811 -0.838789 0.299201 -0.607191 -0.024505 -0.307682 -0.677916 0.667204
55217878556237 -0.851398 0.291903 -0.611082 -0.003299 -0.306794 -0.648133 0.696986
55217911892907 -0.863800 0.285184 -0.615309 0.007994 -0.300322 -0.619195 0.725493
55217945186181 -0.874935 0.277603 -0.615091 0.016561 -0.287106 -0.586109 0.757478
55217978522606 -0.890514 0.270969 -0.617509 0.026312 -0.265458 -0.543385 0.795972
55218011801257 -0.903693 0.264275 -0.618483 0.042819 -0.242775 -0.497568 0.831657
55218045137927 -0.917667 0.257174 -0.620687 0.037758 -0.220359 -0.452439 0.863316
55218078474353 -0.930638 0.250874 -0.621840 0.030998 -0.195760 -0.407490 0.891442
55218111811023 -0.942744 0.245209 -0.622033 0.037889 -0.170251 -0.359354 0.916757
55218145198361 -0.954907 0.241286 -0.621441 0.039598 -0.147717 -0.309239 0.938607
55218178534787 -0.965072 0.234715 -0.622662 0.031817 -0.131623 -0.258362 0.956510
55218211871456 -0.974190 0.227878 -0.623331 0.023637 -0.117252 -0.204914 0.971444
55218245156519 -0.983322 0.224337 -0.619043 0.029341 -0.094816 -0.148479 0.983922
55218278492945 -0.990818 0.219398 -0.616450 0.041777 -0.071879 -0.095495 0.991952
55218311829615 -0.997340 0.215505 -0.614900 0.047602 -0.058703 -0.047661 0.996000
55218345096154 -1.001477 0.210691 -0.615304 0.050316 -0.049847 -0.005341 0.997474
55218378432580 -1.006346 0.207206 -0.612638 0.055346 -0.036811 0.038057 0.997062
55218411769250 -1.010281 0.203463 -0.608836 0.057285 -0.023547 0.081219 0.994770
55218445056889 -1.010712 0.194930 -0.613917 0.060994 -0.014588 0.115678 0.991305
55218478393314 -1.016029 0.193797 -0.611566 0.070376 -0.010891 0.141258 0.987408
55218511729984 -1.022663 0.194081 -0.609254 0.083106 -0.009180 0.159916 0.983583
55218545145009 -1.029401 0.194582 -0.606836 0.103280 -0.005933 0.173647 0.979359
55218578481435 -1.038457 0.197420 -0.604118 0.134795 0.000302 0.181693 0.974073
55218611818105 -1.048285 0.201176 -0.601842 0.168762 0.002515 0.185455 0.968049
55218645339500 -1.059576 0.209588 -0.596698 0.204056 0.003219 0.185093 0.961297
55218678675926 -1.071696 0.215742 -0.593516 0.229962 -0.000809 0.171196 0.958023
55218712012596 -1.084082 0.222286 -0.589781 0.250325 -0.006626 0.150697 0.956339
55218745288015 -1.102557 0.223246 -0.590037 0.288539 -0.004822 0.137684 0.947505
55218778624440 -1.113316 0.227415 -0.587244 0.335277 -0.002358 0.127762 0.933413
55218811961110 -1.123088 0.230013 -0.584258 0.382981 0.002172 0.122433 0.915604
55218845250507 -1.132272 0.231507 -0.583227 0.426690 0.000766 0.122072 0.896121
55218878586933 -1.139688 0.232168 -0.581547 0.471650 0.000081 0.122981 0.873168
55218911935522 -1.148538 0.231994 -0.580385 0.519169 0.006046 0.121297 0.845999
55218945272192 -1.155659 0.232417 -0.577556 0.545633 0.001906 0.112432 0.830446
55218978608618 -1.162631 0.233228 -0.574288 0.566800 -0.002840 0.098461 0.817946
55219011945287 -1.169146 0.233219 -0.571078 0.594904 0.000234 0.089475 0.798801
55219045303287 -1.174276 0.232351 -0.569099 0.625946 0.007469 0.087091 0.774952
55219078639713 -1.179256 0.229794 -0.567700 -0.654706 -0.016104 -0.089518 -0.750391
55219111976383 -1.184019 0.226077 -0.566627 -0.675712 -0.025752 -0.090510 -0.731135
55219145370755 -1.188952 0.223549 -0.572493 -0.680775 -0.028769 -0.089060 -0.726488
55219178707181 -1.192304 0.217809 -0.575682 -0.667818 -0.023207 -0.089423 -0.738568
55219212070879 -1.195236 0.212165 -0.582309 0.645530 0.010732 0.090339 0.758298
55219245407549 -1.197782 0.206430 -0.588938 0.618778 -0.004688 0.087856 0.780623
55219278743974 -1.200289 0.201081 -0.596821 0.580595 -0.027884 0.079993 0.809774
55219312080644 -1.202714 0.196272 -0.605590 0.532522 -0.056705 0.065027 0.842007
55219345213058 -1.203875 0.191455 -0.611331 0.495157 -0.080738 0.049892 0.863604
55219378549484 -1.206937 0.187908 -0.620783 0.466308 -0.103389 0.031305 0.878002
55219411886154 -1.209629 0.185762 -0.631174 0.428179 -0.134226 0.003898 0.893661
55219445236537 -1.214235 0.184056 -0.641066 0.395381 -0.162752 -0.024147 0.903661
55219478572963 -1.217019 0.182326 -0.651247 0.373588 -0.184772 -0.049768 0.907642
55219511909633 -1.220106 0.180791 -0.660927 0.347972 -0.204896 -0.079475 0.911382
55219545204454 -1.223176 0.181026 -0.671507 0.316179 -0.229975 -0.115187 0.913167
55219578540879 -1.224989 0.181374 -0.681602 0.284204 -0.257281 -0.154088 0.910654
55219611877549 -1.227501 0.182516 -0.690158 0.254628 -0.276068 -0.194580 0.906140
55219645210858 -1.229680 0.189133 -0.699009 0.229137 -0.290446 -0.236832 0.898358
55219678547284 -1.231538 0.192716 -0.706629 0.200833 -0.304512 -0.283791 0.886793
55219711883954 -1.232060 0.196777 -0.714406 0.171472 -0.319273 -0.333729 0.870222
55219745190129 -1.232270 0.186147 -0.718926 0.145333 -0.334091 -0.381871 0.849374
55219778391458 -1.230727 0.187898 -0.726412 0.118298 -0.349134 -0.425714 0.826365
55219811863224 -1.228213 0.189424 -0.731926 0.095498 -0.359728 -0.467751 0.801677
55219845192215 -1.223475 0.190248 -0.736417 0.074565 -0.371083 -0.507973 0.773758
55219878528641 -1.219018 0.188219 -0.740917 0.050199 -0.382932 -0.542585 0.745952
55219911865311 -1.215147 0.183948 -0.744982 0.033442 -0.396649 -0.567177 0.721014
55219945224020 -1.207727 0.181189 -0.746418 0.019696 -0.410756 -0.585753 0.698417
55219978560446 -1.205323 0.174476 -0.748528 0.006014 -0.424070 -0.601033 0.677412
55220011998981 -1.194756 0.167948 -0.730033 -0.009284 -0.437231 -0.615743 0.655441
55220045335651 -1.193028 0.160223 -0.729412 -0.025337 -0.449130 -0.630892 0.632152
55220078672076 -1.192051 0.152398 -0.727517 -0.040713 -0.458547 -0.646264 0.608622
55220112008746 -1.192077 0.143883 -0.725083 -0.058816 -0.467510 -0.661138 0.583842
55220145486686 -1.187491 0.135853 -0.707861 -0.077579 -0.473889 -0.674675 0.560558
55220178823112 -1.191268 0.127364 -0.703091 -0.098016 -0.475833 -0.688756 0.538137
55220212030753 -1.188641 0.120743 -0.694531 -0.118085 -0.474411 -0.702881 0.516670
55220245367423 -1.196791 0.112986 -0.688593 -0.137101 -0.471905 -0.714414 0.498117
55220278703849 -1.207173 0.105501 -0.682411 -0.157820 -0.467441 -0.724791 0.480905
55220312040519 -1.219222 0.098961 -0.675347 -0.180110 -0.456615 -0.738904 0.461611
55220345377189 -1.232990 0.092445 -0.667956 -0.204365 -0.443940 -0.753121 0.440410
55220378658590 -1.245291 0.083415 -0.657633 -0.216842 -0.437803 -0.760358 0.427976
55220411995260 -1.261192 0.077734 -0.649472 -0.225421 -0.434068 -0.765865 0.417397
55220445396483 -1.278049 0.073865 -0.640393 -0.238399 -0.427245 -0.773222 0.403429
55220478732909 -1.293893 0.066996 -0.632230 -0.253896 -0.420298 -0.782275 0.383317
55220512069579 -1.309013 0.059206 -0.623817 -0.268461 -0.414490 -0.792044 0.358878
55220545398298 -1.324907 0.050775 -0.614770 -0.286982 -0.406019 -0.801044 0.333345
55220577343369 -1.340242 0.041312 -0.606715 -0.308474 -0.400090 -0.805883 0.308745
55220610680038 -1.355618 0.031795 -0.597744 -0.324650 -0.400561 -0.806512 0.289294
55220644058915 -1.371587 0.021509 -0.587263 -0.331817 -0.403821 -0.805546 0.279146
55220677395341 -1.385543 0.013942 -0.575998 -0.337453 -0.412045 -0.800164 0.275828
55220710732011 -1.398497 0.006769 -0.563648 -0.338659 -0.427254 -0.790519 0.279003
55220744064963 -1.408418 0.000885 -0.552672 -0.337068 -0.442550 -0.779733 0.287316
55220777401389 -1.418198 -0.004686 -0.537779 -0.333751 -0.454008 -0.771840 0.294533
55220810738059 -1.426229 -0.010805 -0.521744 -0.332212 -0.465034 -0.765130 0.296572
55220844212281 -1.433217 -0.014450 -0.504240 -0.332318 -0.476654 -0.756847 0.299245
55220877548706 -1.438934 -0.019631 -0.486322 -0.327963 -0.488793 -0.747658 0.307456
55220910885376 -1.443200 -0.025199 -0.467566 -0.325919 -0.498976 -0.740926 0.309562
55220944181392 -1.447228 -0.030498 -0.446779 -0.328784 -0.507030 -0.735154 0.307198
55220977517818 -1.449784 -0.035278 -0.426518 -0.326910 -0.517056 -0.727784 0.310021
55221010854488 -1.451084 -0.039206 -0.405152 -0.321627 -0.527456 -0.720794 0.314326
55221044180212 -1.450913 -0.042540 -0.382208 -0.319337 -0.536137 -0.714574 0.316172
55221077450383 -1.450784 -0.046124 -0.358829 -0.316605 -0.545837 -0.706686 0.320028
55221110729632 -1.449389 -0.049245 -0.334352 -0.311450 -0.555886 -0.698866 0.324925
55221144008881 -1.446921 -0.052261 -0.308826 -0.307906 -0.562506 -0.694667 0.325913
55221177225553 -1.444583 -0.056399 -0.281675 -0.307273 -0.567127 -0.692499 0.323104
55221210562223 -1.440845 -0.059878 -0.255028 -0.306428 -0.573501 -0.689065 0.319982
55221243921008 -1.436032 -0.062972 -0.227420 -0.301055 -0.581840 -0.685735 0.317166
55221277314855 -1.429889 -0.065767 -0.200258 -0.295167 -0.589166 -0.685276 0.310091
55221310708946 -1.423104 -0.068759 -0.173439 -0.289073 -0.598320 -0.683711 0.301644
55221344103037 -1.415462 -0.071274 -0.147039 -0.277835 -0.611467 -0.679592 0.295078
55221377473311 -1.407693 -0.072214 -0.120934 -0.264303 -0.624419 -0.676195 0.288106
55221410840899 -1.399512 -0.073843 -0.095997 -0.250551 -0.636844 -0.672892 0.280837
55221444142108 -1.390761 -0.076508 -0.070768 -0.234711 -0.650602 -0.668685 0.272925
55221477353327 -1.380923 -0.077811 -0.047765 -0.210845 -0.670892 -0.658199 0.268742
55221510815204 -1.370644 -0.078924 -0.026231 -0.186395 -0.692075 -0.644557 0.266147
55221544289395 -1.360138 -0.080434 -0.008411 -0.168988 -0.708311 -0.633243 0.262187
55221577625821 -1.349607 -0.081516 0.008166 -0.151870 -0.723785 -0.619850 0.262406
55221610962491 -1.338750 -0.082715 0.022154 -0.134950 -0.740143 -0.602236 0.266999
55221644303777 -1.327982 -0.085801 0.035929 -0.117504 -0.758138 -0.579591 0.274761
55221677640202 -1.316006 -0.086773 0.045105 -0.099095 -0.775809 -0.553504 0.286242
55221710976872 -1.303238 -0.087136 0.051503 -0.076743 -0.795498 -0.517607 0.305575
55221744280444 -1.289682 -0.088367 0.051247 -0.051281 -0.813983 -0.473878 0.332026
55221777616870 -1.276296 -0.088330 0.052507 -0.032708 -0.825272 -0.433432 0.360544
55221810953540 -1.262112 -0.088459 0.051752 -0.017291 -0.832818 -0.394757 0.387662
55221844243342 -1.247606 -0.089135 0.050265 -0.005326 -0.835926 -0.362576 0.411992
55221877579768 -1.231515 -0.090787 0.045365 0.001293 -0.835757 -0.332282 0.437146
55221910916438 -1.213436 -0.093682 0.038871 0.004582 -0.834952 -0.301726 0.460212
55221944246338 -1.192885 -0.095798 0.030748 0.004793 -0.833450 -0.278253 0.477402
55221977582763 -1.170156 -0.098439 0.022008 0.001491 -0.832004 -0.266847 0.486375
55222010919433 -1.145615 -0.101621 0.012475 -0.002799 -0.832506 -0.253733 0.492490
55222044268376 -1.121730 -0.103358 0.000212 -0.001821 -0.834251 -0.234334 0.499108
55222077604802 -1.095128 -0.104536 -0.009837 -0.000693 -0.837049 -0.220917 0.500544
55222110941472 -1.068083 -0.104780 -0.019446 0.001415 -0.841618 -0.206716 0.498944
55222144483393 -1.039962 -0.105198 -0.024516 0.001968 -0.847620 -0.199326 0.491737
55222177819819 -1.015017 -0.101984 -0.032244 -0.000645 -0.854199 -0.197861 0.480827
55222211156488 -0.992656 -0.095168 -0.039771 0.000813 -0.860179 -0.197159 0.470339
55222244582975 -0.975603 -0.081330 -0.049319 -0.001439 -0.864723 -0.204146 0.458887
55222277919401 -0.960823 -0.064574 -0.058349 -0.002482 -0.863966 -0.214694 0.455481
55222311256071 -0.949846 -0.041238 -0.068192 0.005867 -0.857580 -0.222200 0.463842
55222344440805 -0.936707 -0.016934 -0.075438 0.018287 -0.848818 -0.228622 0.476346
55222377698003 -0.928914 0.013373 -0.081933 0.031162 -0.842651 -0.236903 0.482540
55222411113901 -0.920887 0.044851 -0.086891 0.040177 -0.839581 -0.245731 0.482809
55222444567976 -0.911441 0.073707 -0.088856 0.049845 -0.835226 -0.249844 0.487330
55222477904401 -0.905243 0.108140 -0.092350 0.066717 -0.829499 -0.242572 0.498637
55222511241071 -0.899149 0.144244 -0.094411 0.089470 -0.824406 -0.232762 0.508106
55222544560343 -0.892353 0.180695 -0.093402 0.109667 -0.819109 -0.233484 0.512366
55222577896769 -0.887491 0.217818 -0.093016 0.127110 -0.813746 -0.239982 0.513877
55222611233439 -0.883633 0.253927 -0.092173 0.145839 -0.809076 -0.238944 0.516752
55222644654690 -0.875436 0.288907 -0.090830 0.165628 -0.805142 -0.231522 0.520299
55222677991116 -0.872236 0.321384 -0.089124 0.184481 -0.802083 -0.222559 0.522587
55222711327786 -0.869497 0.350859 -0.087190 0.203210 -0.799173 -0.211249 0.524788
55222744717419 -0.871330 0.376471 -0.084687 0.220531 -0.795620 -0.199672 0.527718
55222778053844 -0.869362 0.397131 -0.082640 0.233802 -0.792211 -0.190752 0.530426
55222811390514 -0.866524 0.412574 -0.080352 0.245191 -0.789839 -0.184712 0.530958
55222844897875 -0.863470 0.422318 -0.076374 0.253214 -0.788869 -0.183836 0.528935
55222878910102 -0.858321 0.424563 -0.073888 0.255907 -0.789398 -0.185195 0.526370
55222912763561 -0.852452 0.420008 -0.071604 0.256623 -0.789904 -0.187204 0.524549
55222946250340 -0.840508 0.412551 -0.070455 0.254743 -0.790242 -0.193235 0.522766
55222979812033 -0.832798 0.396649 -0.068290 0.248624 -0.791383 -0.204704 0.519611
55223013294463 -0.824546 0.375655 -0.066379 0.238394 -0.793838 -0.216845 0.515720
55223046691342 -0.818240 0.351998 -0.065593 0.226949 -0.796311 -0.225056 0.513549
55223080063104 -0.810828 0.324589 -0.064010 0.215211 -0.799606 -0.232786 0.510024
55223113435110 -0.804233 0.295335 -0.062283 0.198958 -0.802910 -0.248295 0.504085
55223146774503 -0.802394 0.270993 -0.062865 0.180165 -0.804948 -0.267233 0.498182
55223180075593 -0.798833 0.240108 -0.061711 0.163190 -0.807179 -0.278444 0.494268
55223213381344 -0.796214 0.209440 -0.060378 0.147032 -0.809494 -0.289735 0.489034
55223246595749 -0.795142 0.177979 -0.060166 0.129861 -0.811444 -0.303572 0.482222
55223279755494 -0.795050 0.149080 -0.059988 0.112964 -0.812252 -0.316179 0.476988
55223312853646 -0.795825 0.121920 -0.060651 0.098106 -0.813280 -0.326562 0.471496
55223345845923 -0.794309 0.094863 -0.061167 0.085611 -0.814672 -0.336789 0.464278
55223378718564 -0.796980 0.072351 -0.064976 0.071193 -0.814361 -0.351462 0.456314
55223411441055 -0.796817 0.050180 -0.067585 0.056620 -0.813406 -0.363696 0.450433
55223444442033 -0.802631 0.032572 -0.076378 0.047686 -0.811680 -0.368182 0.450936
55223477778459 -0.809570 0.017717 -0.087408 0.037773 -0.806697 -0.381891 0.449413
55223511115129 -0.817770 0.004509 -0.100716 0.024281 -0.800382 -0.398423 0.447278
55223544464737 -0.829147 -0.006561 -0.115120 0.017051 -0.794314 -0.403221 0.454078
55223577801162 -0.840388 -0.016469 -0.132413 0.011294 -0.789902 -0.402947 0.462127
55223611132362 -0.851054 -0.024416 -0.150229 0.000595 -0.785155 -0.409287 0.464775
55223644469032 -0.864279 -0.031327 -0.170248 -0.012183 -0.778681 -0.419039 0.466811
55223677805458 -0.879508 -0.036158 -0.191795 -0.020944 -0.771135 -0.422907 0.475460
55223711142128 -0.895575 -0.039369 -0.214317 -0.026172 -0.764374 -0.424195 0.484877
55223744487209 -0.912008 -0.039087 -0.237329 -0.034397 -0.756689 -0.431295 0.490125
55223777823635 -0.930314 -0.040515 -0.261750 -0.044052 -0.747098 -0.440582 0.495774
55223811160304 -0.950141 -0.041756 -0.287185 -0.050616 -0.738205 -0.444264 0.505095
55223844639488 -0.971240 -0.042382 -0.313785 -0.057092 -0.729386 -0.447384 0.514377
55223877975914 -0.992786 -0.044576 -0.341822 -0.065985 -0.721220 -0.451846 0.520887
55223911312584 -1.015251 -0.046743 -0.370570 -0.072658 -0.714278 -0.453610 0.527983
55223944627497 -1.037519 -0.051773 -0.399564 -0.078014 -0.707740 -0.454275 0.535399
55223977963923 -1.061951 -0.054199 -0.427423 -0.083773 -0.700787 -0.453529 0.544234
55224011300593 -1.086612 -0.056625 -0.453875 -0.086727 -0.694107 -0.451198 0.554179
55224044581817 -1.110834 -0.062324 -0.480279 -0.092582 -0.688779 -0.450813 0.560160
55224077918242 -1.134045 -0.066084 -0.502658 -0.100950 -0.683324 -0.450393 0.565707
55224111254912 -1.156399 -0.070549 -0.522219 -0.107808 -0.679739 -0.445384 0.572682
55224144609912 -1.177299 -0.074727 -0.537328 -0.117016 -0.677888 -0.440024 0.577194
55224177946338 -1.197665 -0.078862 -0.550422 -0.126829 -0.674042 -0.435600 0.582952
55224211283008 -1.217311 -0.081835 -0.559730 -0.132938 -0.669141 -0.427799 0.592930
55224244510404 -1.243182 -0.088504 -0.576025 -0.136245 -0.667455 -0.418956 0.600348
55224277846830 -1.258786 -0.089726 -0.578219 -0.143981 -0.668390 -0.415570 0.599854
55224311183500 -1.273155 -0.089352 -0.577046 -0.151462 -0.668477 -0.414638 0.598560
55224344578347 -1.286410 -0.087239 -0.573789 -0.152768 -0.668375 -0.411438 0.600546
55224377914772 -1.297590 -0.084229 -0.566786 -0.153026 -0.669356 -0.409652 0.600608
55224411251442 -1.307362 -0.080209 -0.557012 -0.154074 -0.670551 -0.411217 0.597932
55224444509440 -1.316507 -0.075309 -0.544773 -0.152561 -0.673170 -0.412912 0.594198
55224477845866 -1.323867 -0.069010 -0.530280 -0.143575 -0.677171 -0.414489 0.590783
55224511182536 -1.329507 -0.061270 -0.513727 -0.130846 -0.681666 -0.422773 0.582644
55224544553368 -1.332704 -0.052725 -0.494793 -0.117675 -0.686225 -0.439900 0.567218
55224577889794 -1.335587 -0.043598 -0.474591 -0.101794 -0.690887 -0.461352 0.547236
55224611226463 -1.337435 -0.034062 -0.452759 -0.077228 -0.697623 -0.482346 0.524120
55224644578280 -1.339651 -0.024625 -0.429520 -0.050034 -0.703129 -0.501199 0.501902
55224677914706 -1.341833 -0.016493 -0.405089 -0.024461 -0.708927 -0.521387 0.474320
55224711251376 -1.343647 -0.009261 -0.379075 0.003226 -0.713393 -0.544660 0.440916
55224744637289 -1.344487 -0.003475 -0.351341 0.025658 -0.713516 -0.573762 0.401290
55224777973715 -1.346391 -0.000223 -0.322766 0.043830 -0.705277 -0.612613 0.354074
55224811328093 -1.350866 0.001293 -0.294404 0.066702 -0.699481 -0.644494 0.301503
55224844664763 -1.353607 -0.001724 -0.265065 0.084168 -0.696753 -0.667683 0.248296
55224878001188 -1.358548 -0.004568 -0.235844 0.106701 -0.694273 -0.681436 0.205535
55224911337858 -1.365379 -0.006492 -0.206172 0.136157 -0.689877 -0.690423 0.169841
55224944603166 -1.372361 -0.008236 -0.177267 0.164961 -0.682999 -0.698413 0.136088
55224977939592 -1.381687 -0.011501 -0.148794 0.189779 -0.673787 -0.706309 0.105460
55225011276262 -1.392411 -0.015096 -0.120946 0.214202 -0.664440 -0.711712 0.078125
55225044520266 -1.402973 -0.020571 -0.093309 0.238084 -0.654817 -0.715675 0.048383
55225077856692 -1.415869 -0.024130 -0.066141 0.262829 -0.644795 -0.717477 0.019652
55225111193362 -1.429910 -0.027239 -0.040398 0.286133 -0.631630 -0.720531 -0.002406
55225144382707 -1.442942 -0.033039 -0.012939 0.309539 -0.621752 -0.719075 -0.023281
55225177719132 -1.457691 -0.038458 0.011599 0.331115 -0.614202 -0.714715 -0.047965
55225211055802 -1.472872 -0.045432 0.035357 0.348548 -0.600872 -0.715452 -0.074802
55225244390940 -1.488459 -0.052163 0.060848 0.366270 -0.589455 -0.713011 -0.100022
55225277727366 -1.504855 -0.059921 0.082768 0.384661 -0.583535 -0.704094 -0.125595
55225311064036 -1.521579 -0.068455 0.103638 0.400217 -0.574998 -0.697115 -0.152426
55225344341423 -1.537553 -0.078534 0.124077 0.415274 -0.561665 -0.692671 -0.179685
55225379069204 -1.555972 -0.086998 0.143228 0.430277 -0.551001 -0.684633 -0.206246
55225412405873 -1.574433 -0.093517 0.160061 0.446616 -0.542474 -0.674164 -0.227505
55225445722381 -1.593349 -0.099398 0.175834 0.461858 -0.531126 -0.665778 -0.247654
55225479058807 -1.611831 -0.105116 0.189316 0.474142 -0.521530 -0.657299 -0.266745
55225512395477 -1.630267 -0.109510 0.201107 0.486390 -0.516728 -0.645587 -0.282197
55225545741161 -1.648596 -0.112319 0.211095 0.498040 -0.511614 -0.633879 -0.297329
55225579077587 -1.666328 -0.116275 0.220155 0.507715 -0.505261 -0.623769 -0.312808
55225612360706 -1.683090 -0.119395 0.227702 0.516472 -0.501179 -0.612745 -0.326526
55225645751895 -1.700239 -0.121007 0.234492 0.524970 -0.496707 -0.602999 -0.337759
55225679088320 -1.714545 -0.122625 0.239191 0.532280 -0.492460 -0.594132 -0.348091
55225712424990 -1.727180 -0.123428 0.242296 0.538435 -0.490045 -0.585512 -0.356537
55225745759808 -1.737471 -0.124019 0.243620 0.542860 -0.488264 -0.578595 -0.363497
55225779096234 -1.746148 -0.123623 0.243221 0.545573 -0.489167 -0.572290 -0.368170
55225812432904 -1.752497 -0.122669 0.241050 0.546216 -0.494481 -0.565082 -0.371239
55225845781523 -1.758062 -0.121667 0.237716 0.546869 -0.498144 -0.559370 -0.374021
55225879117949 -1.759477 -0.120803 0.232261 0.546394 -0.497220 -0.559391 -0.375909
55225912365627 -1.757751 -0.119168 0.224839 0.544589 -0.499286 -0.559633 -0.375429
55225945855694 -1.754278 -0.116907 0.216347 0.542601 -0.503531 -0.560986 -0.370586
55225979192119 -1.747133 -0.114042 0.204861 0.539275 -0.508107 -0.563768 -0.364931
55226012528789 -1.737674 -0.111098 0.191432 0.534737 -0.511586 -0.569423 -0.357901
55226045891494 -1.725862 -0.107677 0.175908 0.529106 -0.515934 -0.576224 -0.349034
55226079227920 -1.712656 -0.104037 0.158578 0.522964 -0.521629 -0.583074 -0.338283
55226112564590 -1.697805 -0.100645 0.139380 0.514931 -0.527451 -0.591578 -0.326615
55226145901260 -1.681796 -0.097248 0.118400 0.506337 -0.533932 -0.600070 -0.313776
55226179216703 -1.663941 -0.094267 0.095875 0.497287 -0.540589 -0.608665 -0.299994
55226212553372 -1.646284 -0.091254 0.071523 0.487161 -0.547129 -0.617666 -0.286029
55226245938137 -1.629254 -0.087809 0.046509 0.476106 -0.554418 -0.626482 -0.271043
55226279274563 -1.611145 -0.084629 0.018857 0.464761 -0.562922 -0.634017 -0.255222
55226312611233 -1.593251 -0.081583 -0.010018 0.453350 -0.570208 -0.641864 -0.239471
55226345967924 -1.575950 -0.078271 -0.040302 0.441351 -0.577334 -0.649611 -0.223385
55226379304350 -1.558508 -0.075830 -0.071112 0.427883 -0.585540 -0.656169 -0.208568
55226412641020 -1.541382 -0.073687 -0.102231 0.413336 -0.592258 -0.663554 -0.195139
55226446017327 -1.524326 -0.072411 -0.133279 0.400055 -0.597284 -0.671567 -0.179459
55226479353752 -1.507681 -0.070200 -0.164316 0.386177 -0.603548 -0.678167 -0.163358
55226512690422 -1.491163 -0.068640 -0.195035 0.370648 -0.609828 -0.684481 -0.149051
55226546027293 -1.475015 -0.066997 -0.225605 0.353480 -0.615758 -0.690800 -0.136709
55226579363719 -1.459443 -0.065392 -0.255388 0.335638 -0.621675 -0.696655 -0.124655
55226612700389 -1.444440 -0.062898 -0.284494 0.319374 -0.628158 -0.700944 -0.109975
55226646071958 -1.429437 -0.060506 -0.312571 0.304403 -0.634399 -0.704384 -0.093381
55226679408384 -1.414388 -0.058470 -0.340136 0.289633 -0.639537 -0.707974 -0.076661
55226712745054 -1.399068 -0.057429 -0.366977 0.274967 -0.645941 -0.709646 -0.059622
55226746118181 -1.383347 -0.058095 -0.392715 0.260303 -0.653278 -0.709603 -0.043978
55226779454606 -1.367065 -0.059554 -0.417833 0.244777 -0.659736 -0.709901 -0.029534
55226812791276 -1.350059 -0.061486 -0.442117 0.230623 -0.665952 -0.709314 -0.013979
55226846148581 -1.331819 -0.063496 -0.465436 0.216785 -0.673692 -0.706499 0.001440
55226879485007 -1.312255 -0.066357 -0.486770 0.204736 -0.679658 -0.704228 0.014518
55226912821677 -1.291240 -0.069134 -0.506126 0.194435 -0.681046 -0.705477 0.025962
55226946135005 -1.268596 -0.071610 -0.524998 0.185844 -0.684092 -0.704344 0.037136
55226979471431 -1.243972 -0.074021 -0.541343 0.179681 -0.689351 -0.700083 0.048927
55227012808100 -1.217400 -0.075722 -0.555079 0.176946 -0.692940 -0.696484 0.058604
55227046265961 -1.189082 -0.077298 -0.566412 0.173168 -0.696501 -0.693336 0.064685
55227079602387 -1.159223 -0.078681 -0.576429 0.168774 -0.700490 -0.689901 0.069750
55227112939057 -1.128732 -0.079226 -0.584350 0.167157 -0.705755 -0.684438 0.074246
55227146075909 -1.096750 -0.081287 -0.590464 0.163684 -0.711826 -0.678574 0.077773
55227179412335 -1.065028 -0.080651 -0.594784 0.161597 -0.717888 -0.672755 0.076966
55227212749005 -1.033069 -0.078606 -0.597849 0.161345 -0.723760 -0.666474 0.077150
55227246109812 -1.001622 -0.075132 -0.599952 0.162691 -0.729904 -0.659044 0.080207
55227279446237 -0.969790 -0.071577 -0.600392 0.164933 -0.734516 -0.653448 0.079301
55227312782907 -0.938023 -0.067405 -0.599668 0.168192 -0.737554 -0.649439 0.077167
55227346119577 -0.906888 -0.062222 -0.598194 0.173841 -0.741400 -0.643488 0.077648
55227379520932 -0.877069 -0.055811 -0.596231 0.181033 -0.748013 -0.633869 0.076894
55227412857602 -0.848486 -0.051690 -0.592755 0.187437 -0.757181 -0.621660 0.071296
55227446200631 -0.821205 -0.047899 -0.588531 0.195450 -0.765395 -0.609745 0.064662
55227479537057 -0.797857 -0.044046 -0.584433 0.203960 -0.774174 -0.596177 0.060228
55227512873727 -0.777947 -0.040056 -0.580350 0.215195 -0.783888 -0.579609 0.057131
55227546248639 -0.762829 -0.036804 -0.576663 0.225429 -0.791993 -0.564694 0.055223
55227579585064 -0.751308 -0.033339 -0.573765 0.234444 -0.798977 -0.551494 0.050257
55227612921734 -0.743994 -0.030269 -0.571400 0.242390 -0.801302 -0.545480 0.040166
55227646272428 -0.739917 -0.028043 -0.570293 0.245223 -0.800109 -0.546904 0.024239
55227679608854 -0.741946 -0.026578 -0.571604 0.244259 -0.794687 -0.555517 0.014527
55227712945524 -0.748506 -0.024286 -0.575466 0.249890 -0.793979 -0.554018 0.014676
55227746365673 -0.758314 -0.021937 -0.582100 0.257193 -0.797100 -0.545992 0.019376
55227779702099 -0.771538 -0.020779 -0.589728 0.263156 -0.797161 -0.542961 0.021804
55227813038768 -0.787130 -0.020625 -0.598624 0.265734 -0.793598 -0.546943 0.020984
55227846313230 -0.806719 -0.021608 -0.607594 0.271432 -0.790760 -0.548305 0.019632
55227879649656 -0.827182 -0.020602 -0.617746 0.280725 -0.786387 -0.549974 0.017845
55227912986326 -0.849274 -0.020744 -0.628220 0.287241 -0.781313 -0.553996 0.011409
55227946400751 -0.873813 -0.021432 -0.637858 0.293783 -0.777492 -0.556044 0.003617
55227979737177 -0.899048 -0.022805 -0.648620 0.302853 -0.774603 -0.555200 -0.004749
55228013073847 -0.925475 -0.025848 -0.659292 0.309303 -0.771994 -0.555008 -0.017957
55228046378114 -0.952205 -0.029822 -0.669821 0.313157 -0.767549 -0.558231 -0.034330
55228079714539 -0.978952 -0.034093 -0.680873 0.317613 -0.764718 -0.558591 -0.048002
55228113051209 -1.005621 -0.038448 -0.692065 0.322114 -0.764469 -0.555117 -0.060620
55228146365579 -1.031818 -0.043593 -0.703298 0.326641 -0.762604 -0.553299 -0.074838
55228179702005 -1.058752 -0.048726 -0.713487 0.330007 -0.757506 -0.555398 -0.093883
55228213038675 -1.085536 -0.053769 -0.723778 0.330611 -0.753382 -0.556723 -0.114771
55228246330870 -1.113179 -0.056731 -0.735073 0.333349 -0.751960 -0.553898 -0.128960
55228279667296 -1.139699 -0.058450 -0.747061 0.336006 -0.751160 -0.551312 -0.137529
55228313003966 -1.165747 -0.059404 -0.759262 0.337690 -0.753633 -0.545490 -0.142981
55228346410687 -1.191372 -0.059376 -0.771125 0.340514 -0.756533 -0.538040 -0.149065
55228379747112 -1.217608 -0.060015 -0.781806 0.343722 -0.752563 -0.538933 -0.158290
55228413083782 -1.243918 -0.060651 -0.792092 0.347453 -0.745682 -0.543597 -0.166546
55228446423744 -1.269451 -0.060832 -0.801437 0.350905 -0.743531 -0.542572 -0.172173
55228479760170 -1.295595 -0.061667 -0.810934 0.354348 -0.745529 -0.536153 -0.176533
55228513096840 -1.322037 -0.063228 -0.819370 0.357626 -0.744293 -0.533545 -0.182924
55228546444133 -1.348543 -0.065307 -0.826267 0.360646 -0.737387 -0.537812 -0.192229
55228579780559 -1.375732 -0.067644 -0.833258 0.364252 -0.731260 -0.540921 -0.199961
55228613117228 -1.403353 -0.069341 -0.840207 0.368704 -0.727891 -0.541058 -0.203687
55228646484799 -1.431940 -0.071875 -0.847321 0.371962 -0.726090 -0.538837 -0.209981
55228679821225 -1.460294 -0.074198 -0.853026 0.375508 -0.724600 -0.535150 -0.218089
55228713157895 -1.488715 -0.076893 -0.858377 0.378582 -0.721860 -0.533034 -0.226869
55228746498118 -1.516796 -0.080227 -0.863439 0.379964 -0.721777 -0.526518 -0.239673
55228779834544 -1.544629 -0.084477 -0.866846 0.379476 -0.724272 -0.514180 -0.258935
55228813171214 -1.571964 -0.089048 -0.869129 0.378385 -0.724935 -0.502281 -0.281084
55228846509380 -1.597011 -0.094427 -0.869385 0.372021 -0.736447 -0.468268 -0.316181
55228879845805 -1.622465 -0.097274 -0.868014 0.365469 -0.761748 -0.405785 -0.348584
55228913182475 -1.645591 -0.097755 -0.868017 0.356401 -0.784249 -0.356406 -0.361810
55228946579674 -1.665905 -0.098436 -0.867844 0.343694 -0.802963 -0.314877 -0.371454
55228979916100 -1.683602 -0.100798 -0.866103 0.329399 -0.816502 -0.281013 -0.381906
55229013252770 -1.698609 -0.103175 -0.863696 0.314175 -0.829675 -0.251600 -0.386822
55229046483528 -1.712165 -0.105400 -0.860548 0.297904 -0.845198 -0.211878 -0.389873
55229079819954 -1.723479 -0.106474 -0.855463 0.283839 -0.856486 -0.180127 -0.391691
55229113156624 -1.732770 -0.108223 -0.849249 0.272620 -0.861485 -0.171456 -0.392587
55229146421788 -1.741746 -0.111461 -0.843655 0.259513 -0.867085 -0.164363 -0.392175
55229179758213 -1.747168 -0.112787 -0.835496 0.244197 -0.877096 -0.142474 -0.388292
55229213094883 -1.750615 -0.114570 -0.827079 0.227049 -0.887043 -0.126786 -0.381482
55229246445840 -1.751713 -0.116385 -0.817714 0.209477 -0.896134 -0.113013 -0.374554
55229279782266 -1.752568 -0.116529 -0.808032 0.198380 -0.901862 -0.102415 -0.369867
55229313118936 -1.752336 -0.116122 -0.797525 0.191169 -0.904942 -0.097036 -0.367585
55229346455908 -1.746486 -0.115696 -0.784202 0.187424 -0.906128 -0.098337 -0.366244
55229379792334 -1.742933 -0.115596 -0.772365 0.185229 -0.906002 -0.106212 -0.365473
55229413129003 -1.737408 -0.115464 -0.760060 0.185094 -0.905250 -0.116262 -0.364344
55229446559409 -1.731294 -0.113587 -0.747229 0.185066 -0.904177 -0.122742 -0.364896
55229479895835 -1.721712 -0.113181 -0.733998 0.183014 -0.904165 -0.124003 -0.365533
55229513232505 -1.709443 -0.112439 -0.721109 0.181523 -0.905217 -0.123469 -0.363850
55229546604704 -1.696774 -0.111824 -0.706844 0.181338 -0.906435 -0.125991 -0.360024
55229579941130 -1.679384 -0.110383 -0.694940 0.180908 -0.908548 -0.123518 -0.355746
55229613277800 -1.659505 -0.108491 -0.683900 0.181634 -0.910954 -0.119896 -0.350424
55229646600951 -1.637213 -0.107189 -0.673690 0.182507 -0.913497 -0.121807 -0.342604
55229679937376 -1.612643 -0.105082 -0.665597 0.184178 -0.915965 -0.124955 -0.333875
55229713274046 -1.586402 -0.102309 -0.659109 0.188579 -0.917529 -0.131626 -0.324426
55229746579241 -1.559116 -0.099462 -0.653968 0.195616 -0.917728 -0.144388 -0.314104
55229779915667 -1.530495 -0.096635 -0.650468 0.203444 -0.916709 -0.160569 -0.304093
55229813252337 -1.501023 -0.094940 -0.648128 0.209021 -0.915169 -0.178913 -0.294560
55229846611870 -1.470802 -0.094618 -0.647598 0.210702 -0.915434 -0.193556 -0.283055
55229879948296 -1.440370 -0.093848 -0.647000 0.213770 -0.915058 -0.207422 -0.271933
55229913284966 -1.410387 -0.092846 -0.646448 0.220290 -0.911698 -0.225463 -0.263524
55229946595876 -1.379769 -0.092062 -0.649659 0.232121 -0.902705 -0.255717 -0.256618
55229979932301 -1.351220 -0.090907 -0.649707 0.247510 -0.888926 -0.292828 -0.250600
55230013268971 -1.324144 -0.089803 -0.649256 0.263505 -0.875668 -0.320179 -0.247500
55230046667249 -1.296095 -0.088409 -0.647292 0.289574 -0.859159 -0.345572 -0.242020
55230080003675 -1.271891 -0.087911 -0.645920 0.316832 -0.847175 -0.357185 -0.233092
55230113340345 -1.248850 -0.089155 -0.644801 0.327341 -0.840867 -0.365392 -0.228646
55230146711638 -1.227894 -0.090320 -0.642562 0.334842 -0.830330 -0.383265 -0.227025
55230180048064 -1.207931 -0.093843 -0.639906 0.344659 -0.816240 -0.402087 -0.230845
55230213384733 -1.189263 -0.097817 -0.636452 0.360057 -0.796392 -0.424183 -0.237039
55230246690306 -1.172572 -0.100587 -0.635714 0.367922 -0.781740 -0.442027 -0.241097
55230280026732 -1.154894 -0.103477 -0.631506 0.379321 -0.772988 -0.451171 -0.234626
55230313363402 -1.137721 -0.105624 -0.626491 0.390632 -0.769477 -0.452023 -0.225801
55230346686875 -1.117511 -0.109680 -0.621915 0.395283 -0.767052 -0.458887 -0.211673
55230380023301 -1.099772 -0.115122 -0.615607 0.389147 -0.762165 -0.473890 -0.207601
55230413359971 -1.082477 -0.120960 -0.607807 0.382511 -0.750866 -0.496735 -0.207700
55230446702326 -1.062518 -0.125100 -0.599813 0.380229 -0.741238 -0.517466 -0.195504
55230480038751 -1.047729 -0.124890 -0.593536 0.390197 -0.728488 -0.539182 -0.162274
55230513375421 -1.033946 -0.123469 -0.586684 0.401318 -0.715415 -0.556240 -0.133124
55230546744277 -1.019998 -0.121043 -0.578868 0.400887 -0.699677 -0.580913 -0.110824
55230580080703 -1.007948 -0.118843 -0.571351 0.399171 -0.686931 -0.600568 -0.090039
55230613417373 -0.996317 -0.116272 -0.562884 0.398438 -0.679765 -0.610555 -0.079934
55230646762003 -0.982983 -0.114630 -0.554418 0.393552 -0.672670 -0.622546 -0.071187
55230680098429 -0.973106 -0.110825 -0.546327 0.392878 -0.665931 -0.631537 -0.057826
