# Created at Sat Jul 26 09:11:00 PDT 2025
54950042194504 3.674777 4.124030 6.692725
54950071275192 6.326025 5.516653 9.703494
54950100353867 5.434100 5.224728 9.276375
54950129421433 4.823930 5.795416 6.984649
54950158500047 3.618546 5.255237 7.569096
54950187591111 3.766901 5.289933 8.145766
54950216670518 2.952743 4.716253 9.639486
54950245746872 3.023331 5.047659 8.276773
54950274817246 2.300101 4.229912 7.216155
54950303895921 2.620141 4.843671 6.040681
54950332981247 2.231905 4.916652 7.679166
54950362060898 2.174478 4.549354 8.368299
54950391143357 1.539183 5.432904 7.710273
54950420228318 1.943570 6.200402 5.743971
54950449307176 2.345564 5.988039 7.743773
54950478383957 2.041078 5.734998 8.687741
54950507464524 2.603391 6.625726 6.501897
54950536545030 1.372284 4.807779 9.199805
54950565627610 0.665803 5.074579 7.164111
54950594697922 0.677169 5.271388 7.957332
54950623778855 2.054837 5.933004 7.549356
54950652860154 1.633700 5.285147 7.770691
54950681940232 2.502892 5.810371 8.118249
54950711018540 2.809174 5.479564 7.050452
54950740100999 2.021337 6.025127 6.996614
54950769180589 1.320240 5.524429 7.655238
54950798263108 1.444667 5.819943 7.079166
54950827327317 1.601995 5.306084 8.701500
54950856414414 1.287339 5.438288 8.065009
54950885497971 1.392025 5.609375 7.717451
54950914573472 1.207179 5.466403 8.323434
54950943654222 1.325624 5.628517 7.822735
54950972730454 1.345365 5.502295 8.661420
54951001798630 1.837090 6.065805 7.995018
54951030895676 1.737787 6.280561 7.773084
54951059961411 2.047658 6.406783 7.824530
54951089041734 2.500500 6.540781 8.037491
54951118133042 2.752943 6.686743 7.856235
54951147212388 2.685345 6.235097 8.449655
54951176289659 2.836691 6.002994 7.989037
54951205371384 2.944368 5.714060 7.767102
54951234445481 2.785246 5.371289 6.940382
54951263527269 2.718246 5.013562 7.634301
54951292603379 2.327020 4.621139 8.100901
54951321676743 1.868794 4.616353 7.373483
54951350769272 2.246861 5.060222 7.369894
54951379848252 2.176272 5.157729 8.015358
54951408926865 1.652842 5.266603 7.651649
54951438007493 1.391426 5.429913 7.534998
54951467079514 1.291526 5.535197 7.383653
54951496168443 1.635494 5.893522 7.398608
54951525246323 1.560120 6.050850 7.371688
54951554318711 1.007378 5.974280 7.144969
54951583396958 0.708275 6.122635 7.243074
54951612477769 0.546162 6.180661 7.158129
54951641564682 0.638285 6.315856 7.683353
54951670644761 -0.005384 6.269196 7.128817
54951699714951 0.137587 6.410372 7.195816
54951728802292 0.152542 6.314061 7.762317
54951757882432 -0.242871 6.150152 7.787441
54951786961899 -0.466600 6.022136 8.173882
54951816042649 -0.008973 6.186045 8.110473
54951845114426 0.505484 6.439684 7.847262
54951874195176 0.219541 6.293722 8.086544
54951903274827 0.491127 6.272186 8.304291
54951932352830 0.809372 6.243473 7.820343
54951961442246 0.994218 5.981458 7.788638
54951990520859 1.107877 5.833702 7.896913
54952019598740 1.298106 5.795416 7.690532
54952048679551 1.282553 5.601598 7.374680
54952077759080 1.849652 5.730212 7.625328
54952106836655 1.844866 5.702694 7.367501
54952135913682 1.686342 5.529215 7.085746
54952164991258 2.230111 5.547760 7.712666
54952194075059 2.606382 5.564509 7.748558
54952223146653 2.915654 5.563313 7.541579
54952252228440 3.015555 5.678168 7.088737
54952281317124 3.448656 5.632106 7.315457
54952310394517 3.663411 5.743372 7.643872
54952339475084 3.802195 5.879764 7.730013
54952368552903 4.198805 6.123233 8.097312
54952397628281 3.946363 6.306284 7.541579
54952426714402 4.333402 6.655038 7.580462
54952455790207 3.559324 6.518647 5.723033
54952484867173 2.576472 5.199604 7.646265
54952513939500 2.900101 5.126623 7.624729
54952543028550 2.152344 3.909274 7.128817
54952572103013 1.081556 3.570091 8.343174
54952601192124 0.992423 3.209972 6.939186
54952630263963 0.460020 2.358127 5.910272
54952659354844 0.580260 2.100898 7.438687
54952688430161 -0.242273 1.057029 7.640881
54952717507859 0.166301 0.889532 7.389036
54952746590501 0.385843 0.570688 8.836096
54952775672471 -0.539581 -0.500698 10.273584
54952804739915 -1.451845 -1.271785 9.891331
54952833825364 -0.998405 -0.994816 9.910473
54952862895676 -1.473979 -1.395614 11.593824
54952891982956 -1.879562 -1.525424 11.309078
54952921068040 -1.226920 -1.200001 10.811371
54952950145798 -0.777069 -1.093520 12.178869
54952979228257 -0.175872 -0.220140 10.960922
54953008306809 -0.269193 -0.404985 12.510275
54953037387864 -0.211765 -0.206381 12.511472
54953066466050 0.442672 0.325424 12.659826
54953095537828 1.194617 0.847657 11.194820
54953124620774 1.372882 0.999003 12.363714
54953153700120 2.428715 1.487738 10.305887
54953182778000 4.192823 2.581257 9.335598
54953211862779 4.515256 2.236691 9.655638
54953240944810 5.132605 2.245664 8.560323
54953270021348 5.551947 2.563910 7.816155
54953299088242 5.422734 2.963511 6.216553
54953328181809 5.045267 2.691926 5.654240
54953357255418 6.119046 2.856432 7.256833
54953386344773 6.623333 2.906083 7.054041
54953415423630 6.498308 3.005385 5.872585
54953444506516 6.506683 3.587439 3.363112
54953473582932 6.513263 3.645465 4.465007
54953502659775 6.409774 3.413362 6.014360
54953531730698 6.517451 3.540181 4.640880
54953560821519 7.280163 4.241278 3.516253
54953589903734 6.927820 4.100101 3.836891
54953618981858 6.806982 3.994817 5.954539
54953648060716 6.746563 4.211368 6.452246
54953677141831 6.717251 4.208377 6.052047
54953706221177 6.448059 4.697709 6.214160
54953735301560 5.380860 4.204189 6.850651
54953764380845 5.258826 4.305286 8.011170
54953793447434 4.006183 4.061816 7.906484
54953822544480 3.286542 4.067200 7.671988
54953851620286 2.071586 3.738187 7.451848
54953880696885 1.629512 3.318247 8.968299
54953909780381 1.067199 3.284747 8.670393
54953938846726 0.209970 3.195016 8.679366
54953967922959 -0.771087 2.604588 9.777672
54953997019517 -1.147957 2.273780 10.058828
54954026095078 -1.655235 2.678765 10.517652
54954055183335 -2.328815 2.228914 9.926026
54954084259019 -2.099702 2.292922 10.230514
54954113338731 -1.931008 2.909672 9.981660
54954142418686 -2.760719 3.017349 8.927621
54954171498582 -3.547359 3.202793 7.344769
54954200578477 -4.281358 3.013162 7.232904
54954229658188 -3.089732 3.838686 6.407381
54954258730210 -1.968097 4.212564 7.543972
54954287818833 -0.710668 4.194618 7.890333
54954316898240 0.246461 3.426522 10.412368
54954345977952 1.023530 3.122633 12.004193
54954375055711 1.548156 4.174877 9.857233
54954404137437 1.455434 4.530810 7.055836
54954433217454 2.341377 4.423731 7.751549
54954462285386 3.699902 4.841279 8.114061
54954491368516 4.689932 5.408377 6.777670
54954520461228 4.207778 4.907679 7.115058
54954549537156 5.150551 5.265406 6.267999
54954578617051 6.665806 5.740980 6.082555
54954607697251 5.682355 5.548357 4.287938
54954636776841 4.912465 4.661219 4.256832
54954665853379 6.509076 5.011169 4.579863
54954694936692 7.325626 4.877171 3.482155
54954724006883 9.667004 6.025127 3.616153
54954753100877 10.196416 6.043672 4.143172
54954782179307 8.553742 5.309673 2.458027
54954811253098 7.487740 5.459225 2.164308
54954840339890 6.554539 4.991428 3.358327
54954869417344 6.428318 5.192425 4.395615
54954898492722 5.471189 4.338786 6.145367
54954927575913 4.718048 4.225725 5.886343
54954956645982 4.028915 3.796213 7.885547
54954985740586 4.641478 3.871587 9.867402
54955014816269 4.264010 4.489533 7.202396
54955043893051 4.272983 4.456632 7.106683
54955072976304 3.213561 4.936393 7.459026
54955102043198 3.727419 5.067400 6.946962
54955131136094 2.624328 4.253242 9.981061
54955160216050 1.889133 4.344768 8.034500
54955189300034 2.328815 4.945366 7.798209
54955218380418 2.788237 5.262415 8.546564
54955247456101 2.671587 5.268995 6.806384
54955276536789 2.517848 4.785645 6.932605
54955305616196 1.780260 4.295715 8.673982
54955334695786 2.159523 4.135396 7.692925
54955363772812 2.758924 4.418945 6.909276
54955392857163 2.142773 3.839882 6.684350
54955421937362 3.599403 4.179663 5.982655
54955451018662 4.383053 3.971487 8.824730
54955480096177 4.277171 3.851248 8.027920
54955509174607 5.219345 3.736392 8.198408
54955538256333 6.197411 4.293920 8.449655
54955567335069 5.274379 3.378067 7.432107
54955596416001 6.009574 3.836293 8.103892
54955625496018 6.206982 3.406183 7.274779
54955654563157 6.573084 3.434897 6.600601
54955683656846 7.417152 3.754937 7.180263
54955712736558 7.309475 2.887539 7.289136
54955741816514 7.077970 2.327618 6.256035
54955770896714 7.578069 2.807379 5.078168
54955799976365 6.760322 1.648655 5.694320
54955829056321 6.940980 1.386042 5.949155
54955858136643 7.453642 1.399801 4.978268
54955887205796 7.984849 1.262214 4.091727
54955916301438 8.702098 0.888335 3.937390
54955945376938 9.388240 0.883550 4.143771
54955974459764 9.530014 0.885344 3.479762
54956003537339 9.176475 0.512662 3.526422
54956032607468 9.277572 0.547358 4.328018
54956061697190 8.790632 0.136989 4.423132
54956090777573 8.720044 0.236889 4.557729
54956119854295 8.772686 0.078365 5.104489
54956148938035 9.192626 -0.084945 6.408577
54956178018052 9.288938 0.026919 6.804589
54956207096727 9.042477 0.149551 7.426723
54956236178208 8.321041 -0.562313 7.563713
54956265258042 8.602796 -0.297308 7.173084
54956294338974 8.697910 -0.221934 7.039684
54956323419419 8.673384 -0.043669 6.244669
54956352493638 8.411968 0.001196 6.179464
54956381583054 8.264810 0.306879 5.662615
54956410658921 8.260024 0.354736 5.567500
54956439738816 8.366505 0.536590 6.312266
54956468820420 8.123034 0.635893 5.508278
54956497899399 7.965706 0.832702 4.928617
54956526976548 8.277970 1.082752 6.311668
54956556063035 8.283354 1.477568 5.971289
54956585135667 7.878368 1.558924 5.053641
54956614223863 7.726424 1.825724 4.979464
54956643300034 7.584650 2.006382 5.062614
54956672378708 7.786245 1.977668 6.292525
54956701457688 8.210971 2.301895 6.349355
54956730540086 7.615158 2.379662 5.404190
54956759623399 6.967301 2.313261 5.125426
54956788701157 6.929016 2.242075 5.311468
54956817772202 7.216753 2.526222 6.242276
54956846865464 7.222735 2.758326 6.334400
54956875938279 6.907481 2.714059 5.944370
54956905019700 6.893722 2.919244 5.712266
54956934102646 6.923034 2.985046 5.788836
54956963182297 7.028916 3.077170 6.351748
54956992259751 7.292127 3.302095 6.838687
54957021327317 6.553941 3.330211 6.709475
54957050422349 6.382854 3.646662 6.068797
54957079507310 6.178268 3.609573 6.117251
54957108583786 5.779265 3.346362 7.639086
54957137663682 6.190232 4.072584 6.711867
54957166744431 5.923432 4.418347 5.847460
54957195811509 5.424529 4.672585 5.818747
54957224904404 4.752744 4.181458 6.458228
54957253985886 5.313262 4.940580 6.894320
54957283064439 5.227719 5.451448 5.987441
54957312149522 5.324628 5.738587 6.380462
54957341225571 4.757530 5.346762 6.929016
54957370303391 3.147160 4.604987 7.633702
54957399386521 3.437888 5.233701 6.114858
54957428453599 2.101496 4.220939 6.506085
54957457549912 2.491527 4.423132 9.238688
54957486626999 1.551746 3.999005 8.715857
54957515709947 1.379462 3.714259 9.115458
54957544792100 0.793819 3.628117 8.965308
54957573867966 0.714258 3.998407 8.863613
54957602944993 0.069990 4.403392 6.585048
54957632028916 0.634696 4.459623 8.700303
54957661095933 0.873380 4.661817 8.767303
54957690188889 0.682553 4.955536 7.883154
54957719269578 0.964906 4.954937 8.864211
54957748336655 0.644866 4.853841 8.459825
54957777431260 0.235095 4.796413 7.936993
54957806510422 0.677767 4.994419 7.558927
54957835589525 1.261018 5.152944 8.735598
54957864674424 1.184447 4.704887 9.614960
54957893738267 1.521835 4.953143 8.513064
54957922818589 1.659423 5.301897 7.560721
54957951908738 1.741377 4.596014 10.036097
54957980983079 1.473381 4.381258 9.387043
54958010076890 1.710270 4.635496 8.118847
54958039153672 2.224129 4.743173 7.620542
54958068232957 2.511267 4.981258 8.316854
54958097314316 2.301297 4.176074 9.853045
54958126381333 2.614757 4.223332 9.341579
54958155474534 2.666203 4.263412 8.440084
54958184556199 2.972484 4.354339 9.211769
54958213624253 2.948556 4.086343 9.934999
54958242717942 2.809772 4.001996 9.811171
54958271796189 3.028715 3.996612 9.762118
54958300875596 3.329015 4.137190 9.661619
54958329957322 3.067000 4.111467 9.361918
54958359024460 3.219543 4.027719 9.904491
54958388114670 3.224329 4.133003 9.638289
54958417198228 2.670988 4.210770 8.615956
54958446275315 2.333002 4.041478 8.788239
54958475360765 2.341975 4.219144 8.174480
54958504442673 2.754139 4.607978 8.904889
54958533518724 2.726023 4.807779 8.724830
54958562600632 2.119443 4.725825 7.396813
54958591675278 1.868196 5.039285 7.658229
54958620757432 1.763510 5.088337 7.358528
54958649841538 1.573281 5.121837 7.526624
54958678911546 1.111466 4.958527 7.689934
54958708006577 1.107279 5.115257 7.633702
54958737082993 0.830908 5.183452 7.554739
54958766163315 0.653839 5.053043 7.120442
54958795244126 1.770689 6.058627 6.564111
54958824322556 1.467997 4.770092 8.106285
54958853401535 1.993221 5.040481 8.530413
54958882488328 2.279164 5.057230 8.738588
54958911554185 3.561118 6.156733 6.655038
54958940646897 4.002594 5.840282 6.855437
54958969727097 3.949354 5.585446 6.644270
54958998807419 4.047460 5.584848 5.078766
54959027874802 4.758726 5.809773 6.169295
54959056967515 3.812365 4.877171 5.776274
54959086036790 3.738785 4.256832 5.648258
54959115117173 6.190232 6.592227 6.424729
54959144196519 5.145167 4.994419 5.268995
54959173291123 4.942375 4.313661 4.965107
54959202357407 5.602794 3.829713 5.330012
54959231438096 7.229914 4.910670 5.328816
54959260531723 7.391429 4.522435 6.293722
54959289599351 7.360920 4.153940 5.947959
54959318688218 6.896115 3.495316 5.153542
54959347773240 7.346564 3.510271 3.996612
54959376853501 7.928020 3.840480 3.557529
54959405934678 7.850851 2.853441 5.272585
54959435014878 8.145766 2.636891 5.755935
54959464092087 8.472985 2.723630 4.819743
54959493176072 8.218149 2.277369 3.887739
54959522243638 8.580064 2.426920 3.820141
54959551333420 8.841479 2.015355 4.536193
54959580417649 8.038688 1.056431 4.824529
54959609497544 8.109276 0.963111 4.303492
54959638581223 8.594420 1.099502 3.791427
54959667656357 8.674581 0.650848 4.345964
54959696738694 9.136993 0.613161 5.054240
54959725820786 8.907881 0.333799 5.267799
54959754888230 8.807382 0.072383 5.609972
54959783979661 9.055637 0.183649 5.938387
54959813062058 8.835498 -0.327817 6.046064
54959842130662 9.043674 -0.403191 5.542974
54959871211777 9.486943 -0.081954 5.175675
54959900304184 9.305089 -0.594616 5.697909
54959929385606 9.294920 -0.755534 5.577670
54959958465317 9.198010 -0.905085 5.023731
54959987533005 9.050254 -1.094716 5.299504
54960016629746 8.602198 -1.185644 4.972285
54960045708054 8.273184 -1.350150 5.030312
54960074787095 8.226524 -1.628914 6.235097
54960103869736 8.408379 -1.240080 5.970092
54960132948838 8.495717 -0.661615 5.845068
54960162029831 8.010572 -0.721436 6.147759
54960191110642 7.588837 -0.450449 6.734001
54960220178086 7.313663 -0.159721 6.827919
54960249261094 6.891329 0.160319 6.951748
54960278355393 6.528817 -0.251845 7.370492
54960307432114 6.520442 0.224327 6.873383
54960336517320 6.646065 0.557528 7.690532
54960365594224 5.974280 0.147757 8.158927
54960394673691 5.688936 0.239880 7.989037
54960423755967 5.207380 0.244666 7.452446
54960452823228 5.571688 0.666401 8.231310
54960481906785 5.449654 0.715454 9.443872
54960510997544 5.178667 0.918246 8.922237
54960540077561 4.902296 1.140180 8.281559
54960569160019 4.254439 1.153939 8.022536
54960598239792 4.246662 1.207179 9.181859
54960627320725 3.942175 1.371686 8.774481
54960656401230 3.775874 1.573281 8.314461
54960685468796 3.380460 1.361516 8.562716
54960714565781 3.671786 1.591227 8.911469
54960743643113 4.053442 1.735395 9.086744
54960772726426 4.144369 1.853241 9.206385
54960801805771 3.949354 2.012364 8.784052
54960830885544 3.844668 2.050649 8.732606
54960859965806 3.783053 2.045863 8.918648
54960889046982 3.696911 2.147558 8.452646
54960918117478 3.531208 2.228914 8.577671
54960947207017 3.259623 2.167897 8.884550
54960976289841 3.022135 2.268994 8.886345
54961005368211 3.227918 2.609373 8.854042
54961034451584 3.266801 2.660221 9.102298
54961063528000 3.295515 2.654837 9.187840
54961092610032 3.414558 2.659622 9.077771
54961121692917 3.495316 2.730809 8.901300
54961150760789 3.581457 2.929413 8.868998
54961179857102 3.496512 2.977270 9.007781
54961208934861 3.363112 2.892324 9.122637
54961238018418 3.219543 2.894119 8.722437
54961267100754 3.300899 3.061018 8.356335
54961296174