# Created at Sat Jul 26 09:11:00 PDT 2025
54950377630832 -0.472893 0.062366 0.932529 -0.128792 0.756162 0.442044 0.465004
54950410967502 -0.476647 0.064232 0.934114 -0.127117 0.764848 0.441069 0.452004
54950444426527 -0.481453 0.063209 0.934444 -0.119695 0.770767 0.440654 0.444315
54950477762953 -0.486431 0.063819 0.936748 -0.115801 0.774982 0.443740 0.434842
54950511099623 -0.491183 0.065024 0.939020 -0.117097 0.781207 0.443763 0.423178
54950544464281 -0.496830 0.064809 0.942263 -0.117895 0.783265 0.441633 0.421375
54950577800706 -0.500929 0.066198 0.944569 -0.116166 0.788548 0.436983 0.416824
54950611137376 -0.504006 0.066813 0.947598 -0.106857 0.790435 0.433935 0.418920
54950644483744 -0.505811 0.068977 0.950113 -0.099676 0.791874 0.431956 0.420017
54950677820170 -0.507852 0.069529 0.953049 -0.098798 0.793202 0.433493 0.416118
54950711156840 -0.509616 0.070363 0.955482 -0.101559 0.795777 0.433611 0.410373
54950744473137 -0.511422 0.070944 0.958235 -0.106751 0.796365 0.432316 0.409281
54950777809563 -0.513714 0.071318 0.960410 -0.112466 0.795943 0.432279 0.408608
54950811146233 -0.515794 0.071320 0.962730 -0.119853 0.795451 0.435736 0.403767
54950844406119 -0.517591 0.070002 0.964768 -0.127915 0.794880 0.440139 0.397595
54950877742544 -0.518931 0.070140 0.966592 -0.134746 0.796045 0.441392 0.391572
54950911079214 -0.520314 0.070119 0.968435 -0.138007 0.795694 0.441691 0.390812
54950944405777 -0.522223 0.069900 0.970269 -0.141175 0.796107 0.442505 0.387909
54950977742203 -0.523410 0.070109 0.971871 -0.142806 0.796412 0.443213 0.385871
54951011078873 -0.524612 0.070890 0.973116 -0.142866 0.797979 0.442143 0.383833
54951044358012 -0.524865 0.071101 0.974455 -0.140382 0.798631 0.439759 0.386127
54951077719882 -0.527761 0.072746 0.975526 -0.137440 0.798329 0.438003 0.389787
54951111056552 -0.531881 0.075145 0.976203 -0.135321 0.797971 0.436119 0.393358
54951144436810 -0.537651 0.078512 0.976418 -0.134885 0.796911 0.433642 0.398364
54951177773236 -0.544310 0.082940 0.975469 -0.134663 0.795984 0.429475 0.404755
54951211109906 -0.551940 0.087988 0.973262 -0.134236 0.794185 0.424897 0.413175
54951244443290 -0.560287 0.092916 0.970145 -0.134445 0.791042 0.420646 0.423361
54951277779716 -0.569536 0.097389 0.965120 -0.136308 0.785987 0.418155 0.434501
54951311116386 -0.578528 0.101488 0.958359 -0.139370 0.781451 0.415225 0.444408
54951344463208 -0.586670 0.104880 0.950749 -0.139665 0.776657 0.411853 0.455714
54951377799633 -0.594513 0.107432 0.941564 -0.138241 0.769983 0.408677 0.470105
54951411136303 -0.601631 0.109762 0.931305 -0.139605 0.764135 0.405163 0.482132
54951444490533 -0.604631 0.111915 0.919183 -0.141139 0.758295 0.402203 0.493256
54951477826959 -0.609710 0.113435 0.908301 -0.140877 0.751277 0.399787 0.505873
54951511026003 -0.613960 0.114546 0.897623 -0.140049 0.743827 0.397675 0.518616
54951544500299 -0.617618 0.115559 0.887062 -0.141422 0.736587 0.395654 0.529998
54951577851312 -0.622787 0.113771 0.877138 -0.144424 0.729838 0.395210 0.538782
54951611187328 -0.626182 0.114432 0.867660 -0.147569 0.723966 0.395691 0.545458
54951644523998 -0.627827 0.114157 0.860548 -0.149603 0.718390 0.396308 0.551793
54951677728819 -0.628553 0.113777 0.855168 -0.151459 0.714489 0.396214 0.556400
54951711197093 -0.628471 0.112865 0.851968 -0.155948 0.712351 0.398862 0.556009
54951744521166 -0.628879 0.111682 0.848750 -0.160005 0.710700 0.400918 0.555490
54951777857592 -0.627027 0.110483 0.849837 -0.161588 0.710393 0.402090 0.554576
54951811138225 -0.623403 0.109417 0.853203 -0.161162 0.711701 0.403852 0.551735
54951844474895 -0.618739 0.108406 0.859085 -0.158151 0.714285 0.405334 0.548169
54951877811321 -0.613173 0.107686 0.866863 -0.155898 0.717992 0.406653 0.542970
54951911147991 -0.606433 0.107313 0.876554 -0.154494 0.723837 0.408708 0.533993
54951944426994 -0.599236 0.107433 0.886739 -0.151990 0.730899 0.410139 0.523900
54951977763420 -0.590749 0.107676 0.899117 -0.149860 0.738821 0.411524 0.512185
54952011100090 -0.581404 0.107999 0.912316 -0.147495 0.747715 0.412666 0.498872
54952044442046 -0.571808 0.109356 0.924689 -0.145171 0.756931 0.413786 0.484523
54952077778472 -0.561257 0.109405 0.938565 -0.142025 0.765847 0.415860 0.469434
54952111115142 -0.550483 0.109305 0.952227 -0.137977 0.774470 0.417022 0.455248
54952144449385 -0.540272 0.107435 0.965620 -0.135070 0.782498 0.418864 0.440462
54952177785810 -0.529569 0.106304 0.978537 -0.132402 0.789316 0.422634 0.425242
54952211122480 -0.519107 0.105172 0.990401 -0.129027 0.795552 0.425689 0.411386
54952244392997 -0.509312 0.101586 1.002261 -0.124549 0.800785 0.427921 0.400144
54952277729423 -0.500726 0.099928 1.011578 -0.121342 0.804043 0.431724 0.390392
54952311066093 -0.493620 0.098072 1.019357 -0.119736 0.805631 0.437565 0.380997
54952344374707 -0.486430 0.095445 1.026007 -0.117062 0.805866 0.442685 0.375374
54952377711133 -0.482945 0.094383 1.030339 -0.112853 0.805498 0.445754 0.373819
54952411047803 -0.481692 0.094133 1.033006 -0.108968 0.804717 0.447225 0.374895
54952444397571 -0.483301 0.093328 1.034382 -0.109534 0.802323 0.449772 0.376809
54952477733996 -0.487583 0.093686 1.034971 -0.120630 0.795003 0.458112 0.378883
54952511070666 -0.493857 0.093125 1.035007 -0.141245 0.782670 0.476184 0.375134
54952544342717 -0.501554 0.092994 1.034562 -0.162025 0.769520 0.490968 0.374883
54952577679143 -0.510019 0.091132 1.032889 -0.185857 0.755449 0.506610 0.371618
54952611015813 -0.518537 0.087976 1.030837 -0.205856 0.744116 0.518209 0.367933
54952644291841 -0.527546 0.082081 1.028326 -0.223010 0.731164 0.529457 0.367887
54952677628267 -0.536477 0.072760 1.026055 -0.245997 0.713237 0.545794 0.364537
54952710964937 -0.544532 0.061145 1.023505 -0.271370 0.694496 0.562603 0.357088
54952744273594 -0.551585 0.048283 1.019972 -0.295372 0.674188 0.580008 0.349022
54952777610020 -0.558231 0.033128 1.016451 -0.321001 0.653026 0.594946 0.341401
54952810946690 -0.563350 0.018156 1.012580 -0.345166 0.635061 0.605818 0.332480
54952844237507 -0.565903 0.006204 1.008163 -0.364202 0.620758 0.615785 0.320662
54952877573933 -0.567803 -0.007554 1.004376 -0.378316 0.607652 0.623665 0.314131
54952910910603 -0.568429 -0.019293 1.001063 -0.380923 0.600594 0.627975 0.315961
54952944362510 -0.567361 -0.028004 0.995488 -0.376123 0.596714 0.631680 0.321626
54952977698935 -0.566549 -0.035706 0.992789 -0.368774 0.596722 0.633076 0.327327
54953011035605 -0.566071 -0.041611 0.990399 -0.363253 0.595159 0.634983 0.332609
54953044368800 -0.564040 -0.047733 0.983931 -0.354198 0.596142 0.634937 0.340608
54953077705226 -0.564227 -0.047685 0.982255 -0.340356 0.598733 0.633185 0.353204
54953111041896 -0.565188 -0.045137 0.980950 -0.316849 0.599475 0.631375 0.376301
54953144087026 -0.568191 -0.041640 0.977600 -0.278368 0.598803 0.627094 0.413158
54953177423452 -0.570580 -0.034811 0.976946 -0.233394 0.597998 0.619651 0.451616
54953210760122 -0.574394 -0.027413 0.976089 -0.178115 0.590962 0.608873 0.498309
54953244178437 -0.578513 -0.016351 0.975173 -0.127579 0.585144 0.595852 0.535061
54953277394612 -0.582409 -0.007235 0.973843 -0.095270 0.583935 0.585765 0.553916
54953310851532 -0.586416 0.001820 0.972104 -0.068719 0.583046 0.576674 0.568139
54953344181665 -0.589994 0.009161 0.969663 -0.034292 0.574951 0.567168 0.588707
54953377518091 -0.593772 0.015692 0.967512 0.002016 0.565056 0.557823 0.607898
54953410854761 -0.596046 0.022506 0.965396 0.026536 0.563540 0.549531 0.616226
54953444144305 -0.599756 0.027848 0.961893 0.040199 0.566710 0.544141 0.617361
54953477480731 -0.602272 0.032358 0.958976 0.058636 0.559599 0.537330 0.628241
54953510817401 -0.604768 0.035647 0.956073 0.082838 0.547694 0.526586 0.644885
54953544235112 -0.604018 0.038482 0.954216 0.098708 0.544124 0.518649 0.652065
54953577571538 -0.604376 0.040008 0.952190 0.098787 0.546008 0.516976 0.651807
54953610908208 -0.605107 0.040665 0.950192 0.087407 0.549031 0.518492 0.649686
54953644389429 -0.602498 0.038859 0.947368 0.064969 0.558536 0.522606 0.640858
54953677725855 -0.600431 0.039322 0.946635 0.030930 0.578134 0.528445 0.620927
54953711062525 -0.597790 0.040111 0.946203 -0.013549 0.601857 0.534872 0.592871
54953744612716 -0.586875 0.036972 0.950364 -0.055756 0.622787 0.536590 0.566656
54953777949141 -0.583910 0.038006 0.950300 -0.096328 0.642526 0.535017 0.540035
54953811285811 -0.581071 0.039348 0.950166 -0.139933 0.662307 0.531241 0.509461
54953844707207 -0.579536 0.036564 0.950706 -0.185038 0.679646 0.526452 0.476120
54953878043633 -0.577863 0.036068 0.950834 -0.226531 0.691196 0.522065 0.445399
54953911380303 -0.576470 0.035130 0.950861 -0.260859 0.699232 0.515783 0.420708
54953944714394 -0.576464 0.030903 0.951423 -0.292982 0.704543 0.509382 0.397883
54953978050820 -0.575573 0.028841 0.951466 -0.321755 0.707352 0.503449 0.377710
54954011387490 -0.574214 0.027042 0.951482 -0.345645 0.710566 0.496933 0.358724
54954044730166 -0.573728 0.026540 0.955357 -0.363059 0.714981 0.489310 0.342879
54954078066591 -0.571484 0.026757 0.955363 -0.370071 0.721655 0.479479 0.335203
54954111403261 -0.568728 0.027794 0.955066 -0.377910 0.730348 0.469966 0.320791
54954144779366 -0.567715 0.029760 0.954583 -0.387313 0.740184 0.458480 0.303169
54954178115792 -0.565453 0.031536 0.953858 -0.392210 0.748941 0.448299 0.290321
54954211452462 -0.563109 0.032379 0.954407 -0.386459 0.754711 0.444948 0.288238
54954244799421 -0.562659 0.030515 0.954000 -0.369961 0.755965 0.450714 0.297496
54954278135847 -0.561660 0.028256 0.957142 -0.343591 0.748700 0.463535 0.326387
54954311472517 -0.562283 0.024862 0.960537 -0.302508 0.732156 0.478304 0.379027
54954344831365 -0.563326 0.021278 0.960791 -0.259754 0.714703 0.490179 0.425971
54954378167791 -0.562825 0.021139 0.962132 -0.224495 0.707700 0.492976 0.453583
54954411504461 -0.562184 0.021830 0.963165 -0.189936 0.703333 0.490875 0.477796
54954444662011 -0.560667 0.011855 0.967301 -0.151427 0.694864 0.490748 0.503388
54954477998437 -0.560353 0.010572 0.969006 -0.115979 0.688133 0.490435 0.522010
54954511335107 -0.560857 0.009339 0.970300 -0.077259 0.677586 0.485942 0.546597
54954544710663 -0.559783 0.008441 0.970362 -0.032661 0.662664 0.478027 0.575587
54954578047088 -0.560251 0.006823 0.971524 0.010348 0.648109 0.470607 0.598646
54954611383758 -0.561007 0.005885 0.972329 0.045316 0.634365 0.462327 0.617885
54954644685785 -0.562010 0.008567 0.971816 0.083593 0.615259 0.453704 0.639235
54954678022211 -0.562461 0.005398 0.973252 0.129247 0.592669 0.445990 0.658128
54954711358881 -0.561803 0.001778 0.974835 0.172147 0.574648 0.438080 0.669501
54954744698053 -0.559390 0.002881 0.972717 0.196386 0.567324 0.433836 0.671836
54954778034479 -0.556515 0.003253 0.973565 0.186904 0.582001 0.437986 0.659173
54954811371149 -0.553530 0.004768 0.974037 0.147163 0.610123 0.455481 0.631371
54954844774293 -0.550839 0.009614 0.975096 0.095695 0.634271 0.478375 0.599750
54954878110718 -0.550238 0.009828 0.975219 0.052089 0.648350 0.496717 0.574631
54954911447388 -0.550252 0.009532 0.975297 0.017085 0.655666 0.508025 0.558319
54954944658500 -0.550129 0.007977 0.974692 -0.020300 0.662957 0.521483 0.536779
54954977994926 -0.549121 0.006378 0.975344 -0.055844 0.669920 0.536455 0.510201
54955011331596 -0.546554 0.005837 0.976029 -0.082810 0.682879 0.543727 0.480811
54955044622856 -0.543992 0.005253 0.979390 -0.104617 0.693066 0.546242 0.458621
54955077959282 -0.543665 0.004200 0.980397 -0.124154 0.698092 0.548247 0.443485
54955111295952 -0.545169 0.002348 0.981988 -0.144225 0.699447 0.550813 0.431948
54955144627304 -0.536127 0.027347 0.969584 -0.159584 0.699161 0.549086 0.429199
54955177963730 -0.540002 0.025914 0.972375 -0.163645 0.702810 0.541076 0.431874
54955211300400 -0.545103 0.023911 0.976215 -0.161372 0.704523 0.533861 0.438861
54955244604454 -0.551144 0.038982 0.991473 -0.159642 0.707427 0.525054 0.445398
54955277940880 -0.559424 0.036212 0.996815 -0.159998 0.708823 0.519565 0.449469
54955311277550 -0.569056 0.032477 1.002766 -0.159571 0.707237 0.517918 0.453998
54955344882482 -0.578039 0.036786 1.006778 -0.151203 0.706680 0.516532 0.459276
54955378218907 -0.588493 0.032413 1.013381 -0.138032 0.702553 0.517624 0.468436
54955411555577 -0.599588 0.026430 1.020359 -0.120540 0.694407 0.523186 0.479109
54955444930883 -0.605986 0.025703 1.027407 -0.101473 0.680757 0.535073 0.489867
54955478267309 -0.617762 0.018746 1.034245 -0.078578 0.669035 0.544489 0.499750
54955511603979 -0.629214 0.012056 1.040977 -0.056810 0.660577 0.555587 0.501731
54955544916571 -0.639284 0.006253 1.047937 -0.035649 0.654320 0.566478 0.499697
54955578252997 -0.651072 0.001577 1.054471 -0.010444 0.650392 0.572928 0.498632
54955611589667 -0.662860 -0.002533 1.061145 0.013998 0.648473 0.580111 0.492706
54955644963037 -0.673321 -0.004766 1.068333 0.038488 0.648040 0.586220 0.484673
54955678299462 -0.685548 -0.007708 1.075452 0.065056 0.646268 0.591683 0.477511
54955711636132 -0.698521 -0.009805 1.082789 0.089510 0.644564 0.595399 0.471195
54955745029941 -0.712619 -0.011771 1.091719 0.110405 0.645407 0.598382 0.461735
54955778366367 -0.726447 -0.012984 1.098873 0.137180 0.645729 0.596400 0.456644
54955811703037 -0.741263 -0.014693 1.105762 0.163153 0.643328 0.594746 0.453637
54955845034583 -0.756114 -0.016792 1.112626 0.189670 0.640904 0.595532 0.445654
54955878371009 -0.770464 -0.020008 1.118322 0.223407 0.637205 0.592042 0.439938
54955911707679 -0.785464 -0.024023 1.123304 0.260681 0.630543 0.586300 0.436706
54955945010251 -0.800428 -0.028548 1.126699 0.295412 0.622093 0.580733 0.434144
54955978346677 -0.817114 -0.032683 1.129859 0.323396 0.613578 0.576300 0.432220
54956011683347 -0.834687 -0.036534 1.132440 0.344678 0.603451 0.574201 0.432825
54956044916992 -0.850519 -0.041016 1.133965 0.360442 0.593221 0.573412 0.435164
54956078253418 -0.867184 -0.044438 1.135629 0.369162 0.584780 0.575333 0.436743
54956111449168 -0.882474 -0.047852 1.136905 0.375037 0.577038 0.577631 0.438995
54956144881463 -0.894411 -0.050745 1.135861 0.380621 0.569864 0.578688 0.442157
54956178217888 -0.904516 -0.053235 1.136425 0.377867 0.566882 0.583030 0.442648
54956211554558 -0.910717 -0.054420 1.136916 0.368858 0.568965 0.588059 0.440918
54956244765884 -0.912777 -0.055388 1.136217 0.360003 0.575362 0.589417 0.438114
54956278102310 -0.910134 -0.054702 1.135962 0.352331 0.584888 0.589470 0.431618
54956311438980 -0.903709 -0.053042 1.135054 0.345477 0.597091 0.587460 0.423106
54956344918521 -0.888931 -0.051293 1.131854 0.337577 0.610971 0.584734 0.413331
54956378254947 -0.876998 -0.048308 1.129396 0.330186 0.624405 0.581648 0.403462
54956411591617 -0.863489 -0.045140 1.126085 0.324692 0.636288 0.578600 0.393618
54956444901192 -0.845811 -0.041419 1.119234 0.317424 0.647379 0.577399 0.383083
54956478237617 -0.829837 -0.037580 1.114010 0.312338 0.658713 0.573779 0.373256
54956511574287 -0.813447 -0.033878 1.107983 0.311827 0.667629 0.568081 0.366496
54956544912471 -0.790485 -0.029216 1.101195 0.309937 0.674773 0.564816 0.360004
54956578248897 -0.772669 -0.024769 1.094060 0.304831 0.684375 0.561848 0.350765
54956611585567 -0.754886 -0.020387 1.086685 0.300185 0.692630 0.559282 0.342574
54956644927872 -0.739124 -0.016525 1.078550 0.296077 0.698100 0.558600 0.336097
54956678264298 -0.722041 -0.012974 1.071193 0.292018 0.701737 0.559076 0.331248
54956711600968 -0.704653 -0.008853 1.063813 0.285710 0.707331 0.559084 0.324774
54956744875483 -0.687694 -0.004725 1.057364 0.277309 0.714926 0.557124 0.318736
54956778211909 -0.670963 -0.000668 1.050520 0.267931 0.720856 0.557154 0.313304
54956811548579 -0.654814 0.002362 1.043923 0.258808 0.724066 0.559838 0.308751
54956844930602 -0.639583 0.004935 1.038745 0.249768 0.726862 0.562450 0.304857
54956878267028 -0.624140 0.007862 1.032781 0.238913 0.731221 0.563694 0.300808
54956911603698 -0.609264 0.010502 1.027224 0.228492 0.735900 0.563471 0.297896
54956944918705 -0.592633 0.013906 1.022248 0.217813 0.739082 0.563883 0.297238
54956978255130 -0.579733 0.016087 1.017846 0.204443 0.741387 0.565791 0.297370
54957011591800 -0.567806 0.018756 1.013847 0.187785 0.745102 0.566357 0.297993
54957044882046 -0.556010 0.022816 1.010263 0.167679 0.749909 0.566462 0.297727
54957078218472 -0.546331 0.025751 1.007352 0.146964 0.753603 0.566363 0.299527
54957111555142 -0.538088 0.028208 1.005019 0.127818 0.755430 0.565309 0.305637
54957144879537 -0.530829 0.031754 1.002529 0.110428 0.759310 0.560869 0.310933
54957178215963 -0.525034 0.034494 1.000889 0.091744 0.762984 0.555571 0.317457
54957211552633 -0.521526 0.036526 1.000219 0.071459 0.764288 0.551104 0.327172
54957244791698 -0.517692 0.037409 0.997476 0.051878 0.764385 0.547539 0.336490
54957278128123 -0.517187 0.038148 0.998005 0.032916 0.765438 0.542748 0.344160
54957311464793 -0.519028 0.038669 0.999439 0.009969 0.765496 0.537620 0.353386
54957344841010 -0.523402 0.037877 1.002250 -0.016087 0.763239 0.531361 0.367238
54957378177436 -0.529702 0.038043 1.005015 -0.045480 0.761423 0.523675 0.379383
54957411514106 -0.536574 0.037688 1.008096 -0.082980 0.760817 0.518768 0.380988
54957444850607 -0.545637 0.035157 1.012445 -0.119179 0.751613 0.518216 0.390291
54957478187033 -0.554869 0.032192 1.016615 -0.147747 0.741231 0.516451 0.402524
54957511523703 -0.563924 0.029482 1.020751 -0.172689 0.736503 0.508688 0.411069
54957544862817 -0.572245 0.027064 1.023949 -0.192540 0.737414 0.497832 0.413899
54957578199243 -0.579925 0.024464 1.027790 -0.208327 0.744273 0.486209 0.407747
54957611535913 -0.587364 0.021523 1.031732 -0.220290 0.751207 0.478166 0.398143
54957644790849 -0.593813 0.014190 1.035260 -0.219214 0.750156 0.478676 0.400102
54957678127275 -0.601741 0.009843 1.039709 -0.215109 0.752180 0.475237 0.402620
54957711463945 -0.610197 0.005353 1.044334 -0.209773 0.753111 0.472238 0.407197
54957744609123 -0.619478 -0.000460 1.047796 -0.206486 0.755134 0.470075 0.407636
54957777945548 -0.628557 -0.004789 1.052561 -0.200254 0.757921 0.469028 0.406775
54957811282218 -0.637728 -0.009593 1.057930 -0.190316 0.760473 0.470188 0.405443
54957844618888 -0.647374 -0.014980 1.063790 -0.182355 0.761110 0.475424 0.401783
54957877892700 -0.659867 -0.016622 1.068224 -0.173629 0.762452 0.479891 0.397775
54957911229370 -0.669588 -0.020506 1.073683 -0.161554 0.765246 0.480990 0.396166
54957944640310 -0.680057 -0.023949 1.079413 -0.149382 0.764798 0.483416 0.398845
54957977976736 -0.690132 -0.027153 1.084763 -0.137772 0.765126 0.485319 0.400082
54958011313406 -0.699152 -0.029475 1.089737 -0.126419 0.768213 0.486732 0.396180
54958044605403 -0.710965 -0.032312 1.095777 -0.113293 0.769803 0.488686 0.394657
54958077941828 -0.720315 -0.035286 1.100747 -0.099220 0.767837 0.491428 0.398848
54958111278498 -0.729194 -0.037660 1.105335 -0.088010 0.765606 0.494792 0.401600
54958144634187 -0.739330 -0.041219 1.110508 -0.076877 0.765983 0.496145 0.401497
54958177970613 -0.746067 -0.042333 1.113941 -0.065565 0.765888 0.496953 0.402684
54958211307283 -0.751772 -0.042756 1.116798 -0.056188 0.764862 0.497912 0.404861
54958244642843 -0.758157 -0.043011 1.120344 -0.049120 0.764629 0.498197 0.405868
54958277979269 -0.760269 -0.041153 1.121689 -0.043247 0.765384 0.497947 0.405421
54958311315939 -0.760494 -0.038100 1.122130 -0.038505 0.767068 0.495852 0.405285
54958344669959 -0.761799 -0.034866 1.123709 -0.038781 0.769325 0.494054 0.403168
54958378006385 -0.758608 -0.029660 1.122371 -0.042069 0.772602 0.491540 0.399631
54958411343055 -0.753601 -0.023231 1.119843 -0.045722 0.777556 0.485214 0.397346
54958444644478 -0.748883 -0.017027 1.117727 -0.052341 0.782535 0.479655 0.393486
54958477980904 -0.740907 -0.010234 1.113688 -0.058628 0.787702 0.474620 0.388361
54958511317574 -0.731761 -0.003663 1.108962 -0.061998 0.791927 0.469235 0.385780
54958544700415 -0.722627 0.002528 1.103122 -0.066144 0.797254 0.461595 0.383329
54958578036840 -0.711888 0.009520 1.096563 -0.072593 0.802562 0.454437 0.379619
54958611419265 -0.701529 0.015328 1.089461 -0.079007 0.806069 0.449421 0.376870
54958644755935 -0.689880 0.020911 1.082311 -0.084835 0.808635 0.445199 0.375114
54958678092361 -0.677787 0.025806 1.075004 -0.090577 0.809895 0.442756 0.373942
54958711429031 -0.664810 0.030027 1.067638 -0.094730 0.810788 0.441804 0.372098
54958744792026 -0.651280 0.034190 1.059601 -0.095806 0.811085 0.442143 0.370771
54958778128452 -0.636613 0.036905 1.052647 -0.089902 0.810449 0.443752 0.371719
54958811465122 -0.621627 0.038747 1.046295 -0.080507 0.808133 0.449062 0.372535
54958844912577 -0.607484 0.040259 1.040105 -0.074001 0.803558 0.461034 0.369143
54958878249002 -0.591375 0.041593 1.033698 -0.061579 0.801285 0.472189 0.362199
54958911585672 -0.574633 0.043420 1.026984 -0.043692 0.802442 0.477750 0.354870
54958944922342 -0.559258 0.045221 1.020535 -0.019682 0.802815 0.475768 0.358812
54958978232809 -0.545323 0.046515 1.014210 0.003753 0.803680 0.471104 0.363517
54959011569479 -0.532743 0.047459 1.007982 0.016191 0.804882 0.475460 0.354740
54959044925463 -0.521768 0.047360 1.001809 0.024947 0.804165 0.483828 0.344393
54959078261889 -0.512503 0.046535 0.996167 0.039630 0.803399 0.489482 0.336729
54959111528644 -0.504157 0.043554 0.990535 0.061905 0.799925 0.500485 0.325274
54959144953905 -0.498195 0.039813 0.985818 0.083764 0.794349 0.509814 0.319504
54959178290331 -0.494338 0.035556 0.981764 0.108953 0.787371 0.515154 0.320613
54959211627001 -0.491960 0.029346 0.978008 0.131566 0.777669 0.529787 0.311845
54959244925267 -0.490461 0.022540 0.974095 0.157218 0.767058 0.541251 0.306515
54959278261693 -0.492498 0.015999 0.971821 0.184843 0.758921 0.541677 0.310577
54959311598363 -0.496266 0.010049 0.970341 0.208585 0.752373 0.539934 0.314482
54959344935033 -0.501546 0.003790 0.969472 0.227942 0.745111 0.542696 0.313581
54959378225627 -0.507139 -0.002841 0.969974 0.247364 0.734825 0.547955 0.313989
54959411697640 -0.517202 -0.010850 0.971545 0.266768 0.721564 0.552752 0.320383
54959445072110 -0.528827 -0.019393 0.973418 0.285698 0.709950 0.555682 0.324907
54959478408536 -0.540866 -0.026935 0.976035 0.301384 0.701380 0.557859 0.325617
54959511745206 -0.554520 -0.034633 0.979525 0.314202 0.693150 0.560680 0.326279
54959545159731 -0.568223 -0.044598 0.983842 0.328114 0.683997 0.561424 0.330594
54959578496157 -0.584854 -0.052812 0.989179 -0.336870 -0.675003 -0.564997 -0.334166
54959611832827 -0.601990 -0.061321 0.994525 -0.345062 -0.667270 -0.569137 -0.334314
54959645239969 -0.620148 -0.070845 0.999660 -0.356815 -0.659702 -0.570446 -0.334764
54959678576394 -0.639160 -0.080416 1.005274 -0.367046 -0.651117 -0.572857 -0.336390
54959711913064 -0.658673 -0.089859 1.010886 -0.372678 -0.642041 -0.579169 -0.336837
54959745246448 -0.679070 -0.098421 1.016213 -0.373575 -0.633570 -0.588361 -0.335950
54959778582874 -0.698148 -0.106558 1.021547 -0.377782 -0.625937 -0.593996 -0.335637
54959811919544 -0.716395 -0.113726 1.026873 -0.382958 -0.619770 -0.597318 -0.335320
54959845252238 -0.733471 -0.118967 1.032598 -0.386555 -0.615072 -0.601240 -0.332824
54959878588664 -0.750111 -0.124151 1.037562 -0.391292 -0.611491 -0.602486 -0.331632
54959911925334 -0.766475 -0.128160 1.042682 -0.391902 -0.608696 -0.604560 -0.332278
54959945223291 -0.781698 -0.131299 1.046399 -0.389255 -0.607754 -0.606927 -0.332799
54959978559717 -0.797171 -0.133227 1.050668 -0.383339 -0.607852 -0.609535 -0.334716
54960011896387 -0.812558 -0.134457 1.054190 -0.372603 -0.608642 -0.614276 -0.336729
54960045233057 -0.827870 -0.135358 1.056783 -0.360841 -0.609756 -0.618356 -0.340040
54960078545666 -0.843385 -0.135961 1.058541 -0.348538 -0.610634 -0.622387 -0.343921
54960111890720 -0.856852 -0.135519 1.058783 0.330677 0.613469 0.629719 0.343164
54960145227390 -0.870444 -0.135233 1.057730 0.308149 0.617312 0.637980 0.341982
54960178563815 -0.883888 -0.134462 1.056014 0.280657 0.621631 0.646406 0.342002
54960211900485 -0.896923 -0.133395 1.053641 0.248057 0.626283 0.655584 0.341244
54960245418241 -0.909475 -0.131714 1.050411 0.217089 0.631506 0.660652 0.342945
54960278754667 -0.921581 -0.130346 1.047317 0.188753 0.636574 0.661930 0.347843
54960312152771 -0.933071 -0.129038 1.043629 0.160847 0.641803 0.661781 0.352510
54960345395835 -0.943223 -0.127208 1.038504 0.133994 0.645416 0.660224 0.359983
54960378732261 -0.954106 -0.125733 1.033753 0.105645 0.649002 0.657728 0.367464
54960412068931 -0.964134 -0.124133 1.028242 0.079155 0.652835 0.653610 0.374613
54960445424087 -0.972830 -0.122630 1.022117 0.057483 0.654966 0.648670 0.383330
54960478760512 -0.981361 -0.121678 1.014870 0.037457 0.655398 0.643987 0.392850
54960512097182 -0.988718 -0.119810 1.006904 0.014197 0.658019 0.638219 0.399356
54960545371355 -0.989264 -0.114767 0.998108 -0.010557 0.661633 0.631777 0.403719
54960578707781 -0.994687 -0.112265 0.988678 -0.031655 0.663452 0.624329 0.411148
54960612044451 -0.999183 -0.110048 0.978639 -0.052757 0.663812 0.618231 0.417565
54960645335674 -0.999510 -0.106550 0.969238 -0.075289 0.664665 0.612715 0.420871
54960678672100 -1.001920 -0.104449 0.958155 -0.093940 0.664168 0.606610 0.426710
54960712008770 -1.003448 -0.102893 0.946557 -0.107388 0.661754 0.600964 0.435191
54960745333597 -1.004333 -0.100340 0.934607 -0.119897 0.658522 0.596299 0.443171
54960778670023 -1.004394 -0.098504 0.921571 -0.133441 0.654899 0.591490 0.451043
54960812006693 -1.004060 -0.096301 0.907590 -0.145665 0.650991 0.585452 0.460692
54960845343363 -1.003521 -0.094135 0.892731 -0.156872 0.646042 0.579677 0.471164
54960878679016 -1.003728 -0.092376 0.876162 -0.167655 0.641225 0.573539 0.481430
54960912015686 -1.002638 -0.090402 0.859638 -0.178226 0.635153 0.567857 0.492295
54960945356929 -1.001465 -0.089987 0.841389 -0.188917 0.627332 0.563214 0.503542
54960978693354 -0.999500 -0.088530 0.823700 -0.198684 0.618438 0.559523 0.514774
54961012030024 -0.996870 -0.087188 0.805886 -0.206383 0.608927 0.556737 0.525982
54961045344472 -0.993909 -0.086034 0.787040 -0.213048 0.598964 0.554012 0.537516
54961078680898 -0.990557 -0.084345 0.769155 -0.220084 0.588804 0.551544 0.548336
54961112017568 -0.986765 -0.082285 0.751320 -0.226680 0.578798 0.548683 0.559067
54961145362961 -0.982755 -0.080098 0.733864 -0.232775 0.568335 0.545376 0.570417
54961178699387 -0.978585 -0.077612 0.716113 -0.240156 0.557513 0.541890 0.581257
54961212036057 -0.974291 -0.074801 0.698563 -0.248550 0.547226 0.537962 0.591070
54961245409692 -0.969902 -0.071335 0.682727 -0.255131 0.537626 0.533144 0.601352
54961278746117 -0.965310 -0.068327 0.666074 -0.260651 0.527977 0.528379 0.611651
54961312082787 -0.960785 -0.065617 0.649788 -0.267434 0.517994 0.524384 0.620631
54961345432174 -0.956388 -0.063839 0.633163 -0.273210 0.508194 0.520634 0.629313
54961378768600 -0.951868 -0.061174 0.618034 -0.276950 0.498844 0.516142 0.638788
54961412105270 -0.947368 -0.058475 0.603631 -0.281810 0.490436 0.511531 0.646832
54961445415519 -0.943167 -0.056317 0.588463 -0.287265 0.481878 0.506631 0.654674
54961478751945 -0.938953 -0.053818 0.575651 -0.293674 0.474047 0.501789 0.661243
54961512088615 -0.934748 -0.051238 0.564100 -0.297807 0.467294 0.496354 0.668267
54961545450490 -0.930835 -0.049037 0.554061 -0.301988 0.461200 0.491463 0.674212
54961578786916 -0.927327 -0.047459 0.545435 -0.307134 0.455512 0.487513 0.678608
54961612123586 -0.924219 -0.046203 0.538723 -0.311811 0.451390 0.483480 0.682105
54961645455822 -0.921431 -0.045055 0.531993 -0.316659 0.448727 0.480139 0.683987
54961678792248 -0.919330 -0.044809 0.529621 -0.319183 0.446324 0.477815 0.686010
54961712128918 -0.917822 -0.045136 0.529583 -0.322004 0.444381 0.476507 0.686862
54961745447025 -0.916737 -0.046063 0.530253 -0.323374 0.443520 0.476372 0.686869
54961778783450 -0.916087 -0.046563 0.534849 -0.323088 0.444421 0.476170 0.686561
54961812120120 -0.916018 -0.046699 0.541404 -0.322732 0.447216 0.475039 0.685696
54961845432430 -0.916649 -0.047357 0.548377 -0.321980 0.452023 0.473394 0.684034
54961878768856 -0.917680 -0.047084 0.558134 -0.320724 0.457290 0.472128 0.681995
54961912110902 -0.919163 -0.046375 0.568473 -0.319744 0.463183 0.470259 0.679766
54961945447572 -0.920931 -0.045460 0.580360 -0.320130 0.470270 0.467939 0.676311
54961978783998 -0.922777 -0.044448 0.593170 -0.319874 0.477568 0.466442 0.672340
54962012120668 -0.924491 -0.043035 0.606670 -0.317629 0.485258 0.464432 0.669283
54962045451931 -0.925941 -0.041751 0.620285 -0.315647 0.494095 0.462555 0.665041
54962078788356 -0.927203 -0.040403 0.634747 -0.314497 0.502774 0.461473 0.659813
54962112125026 -0.928121 -0.039170 0.649649 -0.311374 0.511224 0.461043 0.655084
54962145438158 -0.928697 -0.038145 0.664730 -0.307471 0.519545 0.461196 0.650256
54962178774584 -0.928936 -0.037154 0.680165 -0.304474 0.528571 0.461657 0.644035
54962212111254 -0.928796 -0.036320 0.695823 -0.299984 0.537537 0.462788 0.637879
54962245447924 -0.928446 -0.035567 0.711429 -0.295254 0.546193 0.463890 0.631905
54962278768263 -0.928248 -0.035276 0.726839 -0.292417 0.555281 0.465169 0.624318
54962312104933 -0.927613 -0.034884 0.742255 -0.289448 0.564346 0.466611 0.616448
54962345471699 -0.926499 -0.034219 0.757565 -0.284649 0.572346 0.468618 0.609747
54962378808125 -0.925582 -0.034380 0.772755 -0.280236 0.579812 0.471512 0.602463
54962412144795 -0.924448 -0.034395 0.787628 -0.276239 0.587857 0.473855 0.594624
54962445481465 -0.923253 -0.034211 0.802060 -0.272001 0.595829 0.475422 0.587348
54962478810707 -0.922330 -0.033784 0.815685 -0.268488 0.602965 0.477260 0.580147
54962512147377 -0.921277 -0.033759 0.829155 -0.265042 0.609813 0.479321 0.572827
54962545487478 -0.919982 -0.033696 0.841763 -0.261695 0.616593 0.480660 0.565946
54962578823903 -0.919029 -0.033292 0.853945 -0.258566 0.623131 0.481202 0.559728
54962612022424 -0.918252 -0.032890 0.865464 -0.255894 0.629331 0.481966 0.553326
54962645497243 -0.917755 -0.032700 0.876522 -0.253169 0.635000 0.483429 0.546787
54962678833669 -0.917820 -0.032735 0.887115 -0.250943 0.639471 0.485453 0.540777
54962712190567 -0.918453 -0.032982 0.897361 -0.248543 0.644409 0.487175 0.534438
54962745527237 -0.919053 -0.032896 0.907816 -0.245909 0.650144 0.488408 0.527541
54962778854642 -0.919479 -0.032903 0.918158 -0.243565 0.655870 0.490681 0.519368
54962812191312 -0.920487 -0.033186 0.929207 -0.241146 0.661196 0.493463 0.511041
54962845530177 -0.921228 -0.033204 0.940607 -0.237639 0.667180 0.496151 0.502227
54962878866602 -0.922096 -0.032794 0.952467 -0.232031 0.674049 0.497648 0.494131
54962912203272 -0.922964 -0.032191 0.964550 -0.225726 0.681299 0.498701 0.485980
54962945539942 -0.924182 -0.031749 0.976553 -0.222163 0.686514 0.501236 0.477603
54962978882795 -0.925489 -0.030914 0.988791 -0.220740 0.691467 0.503822 0.468307
54963012219465 -0.926612 -0.029187 1.001049 -0.218318 0.697104 0.504354 0.460446
54963045556135 -0.927387 -0.027424 1.013623 -0.213558 0.702825 0.503811 0.454538
54963078846972 -0.928522 -0.027046 1.026659 -0.209340 0.706363 0.505710 0.448871
54963112183642 -0.929301 -0.026695 1.040148 -0.206593 0.708786 0.508855 0.442728
54963145520311 -0.929849 -0.026393 1.054265 -0.201481 0.711744 0.510664 0.438233
54963178856737 -0.930441 -0.025974 1.068977 -0.195526 0.715528 0.510312 0.435169
54963212176884 -0.929917 -0.025171 1.083893 -0.193071 0.718952 0.511012 0.429766
54963245513554 -0.931131 -0.025817 1.100141 -0.191293 0.720958 0.513098 0.424685
54963278766724 -0.932048 -0.026263 1.116786 -0.188752 0.722950 0.514199 0.421089
54963312103394 -0.933498 -0.026995 1.134536 -0.186483 0.725116 0.515097 0.417260
54963345407715 -0.935305 -0.026895 1.153266 -0.184153 0.727563 0.515049 0.414083
54963378744140 -0.937391 -0.027448 1.172990 -0.181121 0.729896 0.514488 0.412007
54963412080810 -0.939706 -0.028029 1.193768 -0.177991 0.732292 0.513323 0.410569
54963445417480 -0.942207 -0.029031 1.215823 -0.174457 0.733208 0.513047 0.410795
54963478778632 -0.944623 -0.029826 1.239066 -0.171246 0.734697 0.512036 0.410748
54963512115302 -0.946525 -0.030986 1.263439 -0.169364 0.734770 0.512649 0.410633
54963545451972 -0.948138 -0.032267 1.288966 -0.168355 0.732559 0.514961 0.412104
54963578773692 -0.947651 -0.031777 1.315142 -0.168504 0.730753 0.516595 0.413202
54963612110362 -0.947559 -0.031406 1.342818 -0.168132 0.729423 0.517203 0.414939
54963645447032 -0.946967 -0.030623 1.371172 -0.168723 0.727396 0.517470 0.417914
54963678716402 -0.946183 -0.029544 1.400225 -0.172595 0.724551 0.520483 0.417534
54963712053072 -0.944120 -0.027834 1.429215 -0.172813 0.724495 0.520780 0.417170
54963745389742 -0.941828 -0.025698 1.458402 -0.168709 0.726225 0.518391 0.418814
54963778726168 -0.939861 -0.023981 1.487612 -0.166949 0.727476 0.517688 0.418217
54963812037537 -0.937819 -0.022548 1.515647 -0.168573 0.727724 0.519035 0.415456
54963845374207 -0.936419 -0.021776 1.543698 -0.169561 0.726357 0.522302 0.413347
54963878676032 -0.934875 -0.019793 1.570820 -0.170009 0.725260 0.525738 0.410724
54963912012702 -0.933580 -0.018009 1.598083 -0.169740 0.727370 0.526381 0.406257
549639453493