# Created at Sat Jul 26 09:11:00 PDT 2025
54950377630832 -0.499858 0.069829 0.920161 -0.127346 0.756399 0.441101 0.465912
54950410967502 -0.504002 0.071405 0.922453 -0.125690 0.765097 0.440106 0.452919
54950444426527 -0.509029 0.070546 0.923422 -0.118279 0.771021 0.439671 0.445225
54950477762953 -0.514277 0.071067 0.926366 -0.114397 0.775251 0.442744 0.435750
54950511099623 -0.519332 0.071872 0.929199 -0.115710 0.781488 0.442755 0.424094
54950544464281 -0.525016 0.071581 0.932494 -0.116512 0.783546 0.440622 0.422296
54950577800706 -0.529205 0.072966 0.935060 -0.114793 0.788826 0.435961 0.417749
54950611137376 -0.532198 0.074149 0.938262 -0.105484 0.790703 0.432900 0.419833
54950644483744 -0.533944 0.076732 0.940940 -0.098303 0.792135 0.430911 0.420921
54950677820170 -0.536084 0.077211 0.944121 -0.097429 0.793470 0.432444 0.417021
54950711156840 -0.537994 0.077743 0.946765 -0.100198 0.796052 0.432559 0.411284
54950744473137 -0.539835 0.078034 0.949394 -0.105393 0.796640 0.431268 0.410200
54950777809563 -0.542157 0.078091 0.951419 -0.111110 0.796221 0.431239 0.409536
54950811146233 -0.544375 0.077543 0.953779 -0.118501 0.795742 0.434702 0.404705
54950844406119 -0.546332 0.075593 0.955911 -0.126568 0.795187 0.439113 0.398544
54950877742544 -0.547804 0.075193 0.957841 -0.133407 0.796362 0.440371 0.392534
54950911079214 -0.549201 0.074975 0.959621 -0.136670 0.796014 0.440674 0.391779
54950944405777 -0.551169 0.074501 0.961513 -0.139840 0.796432 0.441489 0.388880
54950977742203 -0.552398 0.074561 0.963175 -0.141475 0.796741 0.442198 0.386846
54951011078873 -0.553638 0.075291 0.964522 -0.141539 0.798309 0.441125 0.384810
54951044358012 -0.553841 0.075719 0.965805 -0.139052 0.798953 0.438738 0.387100
54951077719882 -0.556658 0.077637 0.966764 -0.136107 0.798644 0.436980 0.390756
54951111056552 -0.560698 0.080262 0.967308 -0.133984 0.798279 0.435095 0.394324
54951144436810 -0.566351 0.083810 0.967253 -0.133544 0.797209 0.432621 0.399329
54951177773236 -0.572850 0.088459 0.965944 -0.133316 0.796268 0.428457 0.405720
54951211109906 -0.580264 0.093792 0.963272 -0.132882 0.794452 0.423884 0.414138
54951244443290 -0.588339 0.099015 0.959579 -0.133079 0.791291 0.419641 0.424323
54951277779716 -0.597280 0.103707 0.953891 -0.134928 0.786220 0.417164 0.435461
54951311116386 -0.605978 0.107928 0.946495 -0.137979 0.781670 0.414247 0.445368
54951344463208 -0.613769 0.111630 0.938264 -0.138261 0.776858 0.410886 0.456671
54951377799633 -0.621144 0.114663 0.928364 -0.136820 0.770163 0.407724 0.471053
54951411136303 -0.627840 0.117260 0.917425 -0.138170 0.764296 0.404224 0.483076
54951444490533 -0.630429 0.119645 0.904675 -0.139690 0.758440 0.401278 0.494197
54951477826959 -0.635028 0.121531 0.893161 -0.139413 0.751404 0.398877 0.506807
54951511026003 -0.638771 0.123040 0.881876 -0.138569 0.743936 0.396780 0.519541
54951544500299 -0.641949 0.124300 0.870712 -0.139928 0.736681 0.394774 0.530918
54951577851312 -0.646734 0.122605 0.860277 -0.142918 0.729924 0.394347 0.539700
54951611187328 -0.649828 0.123295 0.850396 -0.146054 0.724046 0.394843 0.546374
54951644523998 -0.651184 0.123101 0.842936 -0.148078 0.718464 0.395473 0.552706
54951677728819 -0.651690 0.122760 0.837287 -0.149928 0.714558 0.395388 0.557311
54951711197093 -0.651618 0.121616 0.833984 -0.154415 0.712426 0.398045 0.556924
54951744521166 -0.652037 0.120217 0.830678 -0.158471 0.710780 0.400108 0.556410
54951777857592 -0.650224 0.118914 0.831765 -0.160055 0.710477 0.401282 0.555498
54951811138225 -0.646742 0.117791 0.835288 -0.159631 0.711791 0.403040 0.552657
54951844474895 -0.642265 0.116833 0.841443 -0.156623 0.714380 0.404514 0.549089
54951877811321 -0.636950 0.116078 0.849543 -0.154376 0.718094 0.405824 0.543890
54951911147991 -0.630616 0.115515 0.859713 -0.152983 0.723952 0.407865 0.534917
54951944426994 -0.623860 0.115470 0.870465 -0.150491 0.731027 0.409279 0.524827
54951977763420 -0.615857 0.115483 0.883483 -0.148376 0.738963 0.410646 0.513116
54952011100090 -0.607032 0.115544 0.897416 -0.146029 0.747873 0.411767 0.499809
54952044442046 -0.597964 0.116613 0.910582 -0.143724 0.757106 0.412865 0.485466
54952077778472 -0.587938 0.116396 0.925336 -0.140597 0.766040 0.414917 0.470382
54952111115142 -0.577622 0.116110 0.939861 -0.136568 0.774680 0.416057 0.456198
54952144449385 -0.567855 0.113977 0.954126 -0.133681 0.782726 0.417879 0.441415
54952177785810 -0.557582 0.112550 0.967953 -0.131032 0.789566 0.421630 0.426198
54952211122480 -0.547477 0.111199 0.980678 -0.127674 0.795821 0.424668 0.412342
54952244392997 -0.537948 0.107528 0.993295 -0.123210 0.801068 0.426883 0.401098
54952277729423 -0.529584 0.105743 1.003263 -0.120014 0.804342 0.430674 0.391343
54952311066093 -0.522687 0.103662 1.011636 -0.118416 0.805949 0.436509 0.381946
54952344374707 -0.515618 0.100970 1.018707 -0.115745 0.806199 0.441624 0.376318
54952377711133 -0.512164 0.100055 1.023280 -0.111536 0.805836 0.444688 0.374754
54952411047803 -0.510887 0.100022 1.026026 -0.107647 0.805055 0.446157 0.375823
54952444397571 -0.512472 0.099214 1.027297 -0.108208 0.802663 0.448708 0.377735
54952477733996 -0.516762 0.098964 1.027458 -0.119294 0.795357 0.457073 0.379816
54952511070666 -0.523141 0.097038 1.027078 -0.139898 0.783064 0.475186 0.376082
54952544342717 -0.530788 0.095680 1.025965 -0.160666 0.769943 0.490014 0.375845
54952577679143 -0.539149 0.092347 1.023632 -0.184490 0.755908 0.505704 0.372598
54952611015813 -0.547516 0.087953 1.021041 -0.204486 0.744603 0.517341 0.368931
54952644291841 -0.556277 0.081104 1.017869 -0.221631 0.731674 0.528630 0.368894
54952677628267 -0.564838 0.070416 1.014834 -0.244611 0.713784 0.545019 0.365557
54952710964937 -0.572425 0.057207 1.011581 -0.269982 0.695085 0.561884 0.358123
54952744273594 -0.578913 0.042838 1.007352 -0.293984 0.674821 0.579346 0.350070
54952777610020 -0.584817 0.026185 1.003008 -0.319615 0.653698 0.594344 0.342462
54952810946690 -0.589159 0.009794 0.998447 -0.343787 0.635768 0.605268 0.333557
54952844237507 -0.591064 -0.003429 0.993676 -0.362836 0.621499 0.615276 0.321752
54952877573933 -0.592385 -0.018007 0.989470 -0.376955 0.608417 0.623190 0.315226
54952910910603 -0.592817 -0.029757 0.985850 -0.379556 0.601365 0.627516 0.317052
54952944362510 -0.591821 -0.038028 0.980094 -0.374745 0.597483 0.631223 0.322704
54952977698935 -0.591210 -0.045195 0.977378 -0.367385 0.597485 0.632612 0.328392
54953011035605 -0.590850 -0.050650 0.974906 -0.361854 0.595918 0.634518 0.333663
54953044368800 -0.589048 -0.056069 0.968410 -0.352785 0.596889 0.634462 0.341648
54953077705226 -0.589559 -0.054925 0.966711 -0.338925 0.599459 0.632694 0.354226
54953111041896 -0.590913 -0.050409 0.965259 -0.315382 0.600166 0.630864 0.377286
54953144087026 -0.594283 -0.043676 0.961764 -0.276847 0.599437 0.626552 0.414081
54953177423452 -0.596784 -0.033223 0.961243 -0.231820 0.598565 0.619073 0.452469
54953210760122 -0.600119 -0.021376 0.960678 -0.176479 0.591445 0.608259 0.499068
54953244178437 -0.603438 -0.006551 0.960394 -0.125900 0.585552 0.595202 0.535736
54953277394612 -0.606746 0.004730 0.959690 -0.093572 0.584296 0.585087 0.554541
54953310851532 -0.610179 0.015483 0.958523 -0.067009 0.583369 0.575973 0.568723
54953344181665 -0.612737 0.025067 0.956799 -0.032562 0.575227 0.566448 0.589229
54953377518091 -0.615343 0.033790 0.955558 0.003764 0.565286 0.557085 0.608354
54953410854761 -0.616921 0.041859 0.954198 0.028288 0.563740 0.548770 0.616643
54953444144305 -0.620374 0.047760 0.951208 0.041948 0.566896 0.543361 0.617760
54953477480731 -0.622032 0.053342 0.948729 0.060393 0.559757 0.536544 0.628606
54953510817401 -0.623164 0.058066 0.946341 0.084606 0.547810 0.525797 0.645200
54953544235112 -0.621652 0.061682 0.944911 0.100478 0.544215 0.517851 0.652353
54953577571538 -0.622001 0.063203 0.942856 0.100555 0.546096 0.516175 0.652098
54953610908208 -0.623071 0.063402 0.940390 0.089174 0.549127 0.517698 0.649997
54953644389429 -0.621348 0.060508 0.936799 0.066729 0.558655 0.521819 0.641216
54953677725855 -0.620828 0.059011 0.935145 0.032670 0.578294 0.527658 0.621358
54953711062525 -0.620020 0.057014 0.933718 -0.011840 0.602071 0.534087 0.593399
54953744612716 -0.610499 0.051112 0.937033 -0.054081 0.623044 0.535810 0.567273
54953777949141 -0.608654 0.049341 0.936336 -0.094691 0.642821 0.534242 0.540740
54953811285811 -0.606793 0.047517 0.935766 -0.138344 0.662642 0.530473 0.510259
54953844707207 -0.605995 0.041337 0.936115 -0.183503 0.680022 0.525696 0.477011
54953878043633 -0.604688 0.037690 0.936221 -0.225047 0.691611 0.521327 0.446370
54953911380303 -0.603354 0.034173 0.936299 -0.259419 0.699673 0.515063 0.421745
54953944714394 -0.603217 0.027552 0.936972 -0.291585 0.705008 0.508682 0.398979
54953978050820 -0.602053 0.023372 0.937162 -0.320396 0.707838 0.502771 0.378858
54954011387490 -0.600416 0.019757 0.937477 -0.344322 0.711069 0.496271 0.359916
54954044730166 -0.599718 0.017887 0.941742 -0.361769 0.715494 0.488654 0.344105
54954078066591 -0.597442 0.017532 0.942066 -0.368802 0.722163 0.478818 0.336451
54954111403261 -0.594724 0.017757 0.942448 -0.376672 0.730859 0.469296 0.322064
54954144779366 -0.593725 0.018767 0.942820 -0.386113 0.740698 0.457800 0.304471
54954178115792 -0.591531 0.019974 0.942813 -0.391039 0.749454 0.447606 0.291643
54954211452462 -0.589436 0.021071 0.943695 -0.385294 0.755219 0.444239 0.289558
54954244799421 -0.589381 0.020284 0.943183 -0.368774 0.756467 0.449988 0.298789
54954278135847 -0.588700 0.020162 0.945350 -0.342346 0.749184 0.462800 0.327627
54954311472517 -0.589357 0.020466 0.946994 -0.301166 0.732595 0.477565 0.380178
54954344831365 -0.590144 0.020600 0.946092 -0.258329 0.715097 0.489435 0.427031
54954378167791 -0.589454 0.023191 0.947219 -0.223025 0.708058 0.492213 0.454577
54954411504461 -0.588494 0.026459 0.948262 -0.188430 0.703652 0.490088 0.478730
54954444662011 -0.586424 0.019281 0.952563 -0.149883 0.695144 0.489939 0.504252
54954477998437 -0.585571 0.020367 0.954729 -0.114408 0.688382 0.489603 0.522810
54954511335107 -0.585076 0.021814 0.956388 -0.075656 0.677790 0.485092 0.547324
54954544710663 -0.582488 0.023928 0.956931 -0.031024 0.662810 0.477160 0.576228
54954578047088 -0.581412 0.024932 0.958874 0.012009 0.648206 0.469723 0.599204
54954611383758 -0.580655 0.026036 0.960345 0.046995 0.634417 0.461432 0.618374
54954644685785 -0.579776 0.030833 0.960666 0.085292 0.615263 0.452804 0.639644
54954678022211 -0.578096 0.029812 0.963492 0.130961 0.592628 0.445082 0.658440
54954711358881 -0.575543 0.027852 0.966643 0.173865 0.574569 0.437157 0.669727
54954744698053 -0.572200 0.029716 0.965539 0.198101 0.567229 0.432899 0.672016
54954778034479 -0.570380 0.029532 0.966291 0.188608 0.581930 0.437032 0.659384
54954811371149 -0.570251 0.029096 0.966021 0.148849 0.610121 0.454518 0.631672
54954844774293 -0.570626 0.031187 0.966217 0.097363 0.634355 0.477421 0.600154
54954878110718 -0.572175 0.028878 0.965648 0.053740 0.648504 0.495780 0.575115
54954911447388 -0.573487 0.026570 0.965018 0.018724 0.655866 0.507110 0.558864
54954944658500 -0.574709 0.022627 0.963876 -0.018678 0.663212 0.520591 0.537388
54954977994926 -0.574981 0.018448 0.964330 -0.054247 0.670238 0.535583 0.510870
54955011331596 -0.573485 0.015582 0.965280 -0.081248 0.683249 0.542856 0.481536
54955044622856 -0.571585 0.013163 0.968814 -0.103085 0.693471 0.545372 0.459392
54955077959282 -0.571625 0.010623 0.969780 -0.122642 0.698521 0.547386 0.444292
54955111295952 -0.573330 0.007376 0.971151 -0.142728 0.699899 0.549968 0.432787
54955144627304 -0.564242 0.031546 0.958284 -0.158094 0.699617 0.548258 0.430064
54955177963730 -0.568007 0.030057 0.960786 -0.162159 0.703252 0.540247 0.432752
54955211300400 -0.572936 0.028454 0.964362 -0.159882 0.704945 0.533029 0.439739
54955244604454 -0.578799 0.043884 0.979352 -0.158151 0.707828 0.524217 0.446279
54955277940880 -0.586952 0.041264 0.984469 -0.158505 0.709211 0.518727 0.450354
54955311277550 -0.596453 0.037716 0.990209 -0.158073 0.707617 0.517083 0.454880
54955344882482 -0.605338 0.042627 0.994271 -0.149699 0.707049 0.515692 0.460145
54955378218907 -0.615594 0.039215 1.000928 -0.136513 0.702910 0.516778 0.469278
54955411555577 -0.626443 0.034431 1.008089 -0.119000 0.694756 0.522337 0.479913
54955444930883 -0.632578 0.034947 1.015444 -0.099907 0.681108 0.534228 0.490622
54955478267309 -0.644073 0.029371 1.022816 -0.076988 0.669384 0.543641 0.500453
54955511603979 -0.655472 0.023683 1.030438 -0.055208 0.660935 0.554729 0.502386
54955544916571 -0.665585 0.018673 1.038464 -0.034039 0.654692 0.565606 0.500308
54955578252997 -0.677284 0.014993 1.046184 -0.008831 0.650769 0.572035 0.499197
54955611589667 -0.689085 0.011622 1.054242 0.015609 0.648861 0.579192 0.493227
54955644963037 -0.699544 0.010022 1.062908 0.040092 0.648440 0.585273 0.485153
54955678299462 -0.711633 0.007791 1.071567 0.066654 0.646676 0.590708 0.477944
54955711636132 -0.724388 0.006334 1.080304 0.091102 0.644978 0.594398 0.471587
54955745029941 -0.738346 0.004740 1.090592 0.111985 0.645831 0.597354 0.462093
54955778366367 -0.751680 0.004307 1.099137 0.138750 0.646147 0.595340 0.456959
54955811703037 -0.765898 0.003377 1.107299 0.164716 0.643740 0.593661 0.453909
54955845034583 -0.780205 0.001810 1.115682 0.191220 0.641319 0.594420 0.445881
54955878371009 -0.793598 -0.000565 1.123067 0.224943 0.637610 0.590897 0.440107
54955911707679 -0.807315 -0.003611 1.129755 0.262204 0.630932 0.585125 0.436810
54955945010251 -0.820950 -0.007324 1.134707 0.296921 0.622466 0.579532 0.434184
54955978346677 -0.836485 -0.010889 1.139109 0.324895 0.613938 0.575082 0.432207
54956011683347 -0.853124 -0.014338 1.142596 0.346173 0.603801 0.572975 0.432768
54956044916992 -0.868225 -0.018527 1.144758 0.361937 0.593563 0.572187 0.435070
54956078253418 -0.884524 -0.021861 1.146826 0.370659 0.585121 0.574112 0.436625
54956111449168 -0.899565 -0.025219 1.148368 0.376538 0.577378 0.576417 0.438859
54956144881463 -0.911222 -0.028005 1.147524 0.382126 0.570201 0.577480 0.442003
54956178217888 -0.921533 -0.030630 1.148051 0.379377 0.567226 0.581830 0.442495
54956211554558 -0.928266 -0.032092 1.148284 0.370372 0.569321 0.586865 0.440780
54956244765884 -0.930783 -0.033271 1.147279 0.361515 0.575727 0.588221 0.437997
54956278102310 -0.928580 -0.032867 1.146856 0.353835 0.585262 0.588266 0.431523
54956311438980 -0.922546 -0.031490 1.145845 0.346969 0.597473 0.586241 0.423037
54956344918521 -0.908199 -0.030070 1.142533 0.339055 0.611361 0.583499 0.413290
54956378254947 -0.896659 -0.027410 1.140000 0.331647 0.624803 0.580397 0.403449
54956411591617 -0.883457 -0.024546 1.136713 0.326138 0.636694 0.577332 0.393627
54956444901192 -0.866189 -0.021244 1.129884 0.318855 0.647796 0.576119 0.383116
54956478237617 -0.850472 -0.017698 1.124717 0.313752 0.659136 0.572483 0.373311
54956511574287 -0.834076 -0.014048 1.118796 0.313226 0.668051 0.566770 0.366564
54956544912471 -0.811201 -0.009527 1.112100 0.311325 0.675197 0.563494 0.360083
54956578248897 -0.793629 -0.005380 1.105037 0.306204 0.684806 0.560513 0.350863
54956611585567 -0.776061 -0.001272 1.097730 0.301544 0.693067 0.557936 0.342690
54956644927872 -0.760504 0.002321 1.089663 0.297427 0.698544 0.557248 0.336226
54956678264298 -0.743625 0.005617 1.082339 0.293361 0.702189 0.557721 0.331387
54956711600968 -0.726530 0.009391 1.074962 0.287045 0.707791 0.557726 0.324929
54956744875483 -0.709906 0.013188 1.068388 0.278634 0.715393 0.555761 0.318914
54956778211909 -0.693567 0.016839 1.061399 0.269249 0.721331 0.555791 0.313503
54956811548579 -0.677824 0.019408 1.054682 0.260122 0.724553 0.558478 0.308968
54956844930602 -0.662982 0.021536 1.049359 0.251080 0.727360 0.561094 0.305090
54956878267028 -0.647964 0.023994 1.043168 0.240221 0.731729 0.562341 0.301063
54956911603698 -0.633464 0.026246 1.037334 0.229796 0.736414 0.562122 0.298173
54956944918705 -0.617209 0.029297 1.031989 0.219117 0.739600 0.562540 0.297536
54956978255130 -0.604778 0.031012 1.027103 0.205750 0.741911 0.564460 0.297691
54957011591800 -0.593389 0.033148 1.022456 0.189095 0.745631 0.565038 0.298345
54957044882046 -0.582206 0.036517 1.018124 0.168990 0.750444 0.565157 0.298117
54957078218472 -0.573108 0.038780 1.014348 0.148279 0.754143 0.565075 0.299954
54957111555142 -0.565336 0.040757 1.011002 0.129143 0.755966 0.564041 0.306097
54957144879537 -0.558441 0.043921 1.007563 0.111757 0.759839 0.559615 0.311426
54957178215963 -0.552991 0.046258 1.004860 0.093079 0.763502 0.554334 0.317986
54957211552633 -0.549805 0.047873 1.002920 0.072805 0.764794 0.549889 0.327737
54957244791698 -0.546238 0.048305 0.998957 0.053235 0.764880 0.546349 0.337087
54957278128123 -0.545947 0.048563 0.998354 0.034281 0.765923 0.541578 0.344790
54957311464793 -0.547993 0.048452 0.998426 0.011342 0.765969 0.536478 0.354054
54957344841010 -0.552467 0.047016 0.999521 -0.014698 0.763694 0.530255 0.367947
54957378177436 -0.558811 0.046302 1.000522 -0.044081 0.761861 0.522608 0.380140
54957411514106 -0.565844 0.044251 1.002097 -0.081584 0.761256 0.517743 0.381806
54957444850607 -0.574770 0.040240 1.004626 -0.117771 0.752051 0.517248 0.391157
54957478187033 -0.583656 0.036269 1.007107 -0.146324 0.741661 0.515535 0.403425
54957511523703 -0.592342 0.032646 1.009881 -0.171262 0.736919 0.507809 0.412007
54957544862817 -0.600401 0.029378 1.012217 -0.191120 0.737814 0.496975 0.414873
54957578199243 -0.608048 0.025829 1.015832 -0.206928 0.744666 0.485355 0.408758
54957611535913 -0.615562 0.022003 1.019883 -0.218913 0.751601 0.477312 0.399183
54957644790849 -0.621980 0.014786 1.023342 -0.217833 0.750548 0.477823 0.401138
54957678127275 -0.629901 0.010750 1.027797 -0.213728 0.752563 0.474377 0.403653
54957711463945 -0.638313 0.006698 1.032357 -0.208387 0.753483 0.471372 0.408224
54957744609123 -0.647620 0.001082 1.035904 -0.205101 0.755500 0.469202 0.408659
54957777945548 -0.656787 -0.002942 1.040924 -0.198871 0.758285 0.468144 0.407792
54957811282218 -0.666088 -0.007274 1.046700 -0.188934 0.760837 0.469288 0.406447
54957844618888 -0.675894 -0.012392 1.053033 -0.180972 0.761485 0.474514 0.402773
54957877892700 -0.688549 -0.013735 1.057986 -0.172248 0.762836 0.478967 0.398752
54957911229370 -0.698382 -0.017052 1.063950 -0.160173 0.765630 0.480048 0.397126
54957944640310 -0.708855 -0.019802 1.069967 -0.147994 0.765180 0.482462 0.399784
54957977976736 -0.718946 -0.022389 1.075664 -0.136380 0.765506 0.484353 0.401002
54958011313406 -0.728074 -0.024263 1.081247 -0.125031 0.768596 0.485747 0.397085
54958044605403 -0.739930 -0.026498 1.087839 -0.111905 0.770187 0.487684 0.395542
54958077941828 -0.749185 -0.028661 1.093106 -0.097823 0.768217 0.490415 0.399708
54958111278498 -0.757990 -0.030424 1.097974 -0.086606 0.765985 0.493771 0.402438
54958144634187 -0.768090 -0.033449 1.103565 -0.075471 0.766361 0.495112 0.402317
54958177970613 -0.774748 -0.033978 1.107354 -0.064156 0.766263 0.495907 0.403486
54958211307283 -0.780353 -0.033887 1.110452 -0.054775 0.765234 0.496858 0.405646
54958244642843 -0.786666 -0.033772 1.114210 -0.047705 0.764998 0.497136 0.406642
54958277979269 -0.788738 -0.031641 1.115791 -0.041833 0.765751 0.496878 0.406186
54958311315939 -0.788913 -0.028340 1.116396 -0.037093 0.767431 0.494775 0.406044
54958344669959 -0.790253 -0.025162 1.118055 -0.037374 0.769688 0.492974 0.403932
54958378006385 -0.787148 -0.020191 1.116753 -0.040669 0.772965 0.490457 0.400404
54958411343055 -0.782183 -0.013931 1.114155 -0.044331 0.777913 0.484126 0.398131
54958444644478 -0.777565 -0.008099 1.111951 -0.050961 0.782888 0.478565 0.394289
54958477980904 -0.769711 -0.001707 1.107911 -0.057260 0.788055 0.473527 0.389181
54958511317574 -0.760611 0.004686 1.103157 -0.060639 0.792275 0.468139 0.386612
54958544700415 -0.751514 0.010690 1.097238 -0.064796 0.797593 0.460494 0.384176
54958578036840 -0.740855 0.017336 1.090594 -0.071257 0.802896 0.453334 0.380484
54958611419265 -0.730563 0.022798 1.083380 -0.077681 0.806400 0.448318 0.377751
54958644755935 -0.718961 0.028082 1.076097 -0.083515 0.808962 0.444098 0.376008
54958678092361 -0.706909 0.032675 1.068644 -0.089261 0.810221 0.441659 0.374848
54958711429031 -0.693982 0.036641 1.061233 -0.093418 0.811117 0.440710 0.373012
54958744792026 -0.680481 0.040709 1.053235 -0.094496 0.811416 0.441049 0.371686
54958778128452 -0.665776 0.043738 1.046435 -0.088589 0.810779 0.442652 0.372624
54958811465122 -0.650746 0.046026 1.040391 -0.079187 0.808469 0.447956 0.373421
54958844912577 -0.636674 0.047631 1.034692 -0.072674 0.803914 0.459927 0.370010
54958878249002 -0.620640 0.049251 1.029156 -0.060252 0.801663 0.471071 0.363040
54958911585672 -0.603878 0.051681 1.023483 -0.042370 0.802832 0.476608 0.355682
54958944922342 -0.588166 0.054798 1.017644 -0.018356 0.803191 0.474600 0.359587
54958978232809 -0.573805 0.057420 1.011843 0.005081 0.804037 0.469911 0.364255
54959011569479 -0.561181 0.058636 1.006540 0.017510 0.805252 0.474248 0.355459
54959044925463 -0.550249 0.058510 1.001286 0.026259 0.804557 0.482605 0.345095
54959078261889 -0.540845 0.058037 0.996606 0.040935 0.803804 0.488242 0.337405
54959111528644 -0.532251 0.055505 0.992452 0.063202 0.800354 0.499223 0.325907
54959144953905 -0.525932 0.052340 0.988904 0.085061 0.794793 0.508536 0.320093
54959178290331 -0.521502 0.049040 0.985770 0.110255 0.787816 0.513859 0.321153
54959211627001 -0.518730 0.043117 0.983436 0.132867 0.778140 0.528481 0.312334
54959244925267 -0.516654 0.036820 0.980859 0.158520 0.767546 0.539933 0.306948
54959278261693 -0.517830 0.031363 0.979436 0.186150 0.759398 0.540342 0.310955
54959311598363 -0.520775 0.026363 0.978645 0.209895 0.752836 0.538584 0.314816
54959344935033 -0.525422 0.020602 0.978583 0.229251 0.745574 0.541337 0.313875
54959378225627 -0.530381 0.014402 0.979887 0.248677 0.735290 0.546591 0.314240
54959411697640 -0.539746 0.006976 0.982021 0.268092 0.722025 0.551390 0.320587
54959445072110 -0.550650 -0.001043 0.984499 0.287030 0.710405 0.554320 0.325066
54959478408536 -0.562089 -0.008269 0.987738 0.302717 0.701834 0.556493 0.325741
54959511745206 -0.575257 -0.015762 0.991755 0.315537 0.693603 0.559314 0.326373
54959545159731 -0.588360 -0.025346 0.996474 0.329454 0.684443 0.560058 0.330655
54959578496157 -0.604657 -0.033405 1.002101 -0.338217 -0.675449 -0.563638 -0.334202
54959611832827 -0.621512 -0.041904 1.007851 -0.346412 -0.667719 -0.567781 -0.334327
54959645239969 -0.639177 -0.051275 1.013466 -0.358164 -0.660150 -0.569090 -0.334750
54959678576394 -0.657771 -0.060733 1.019485 -0.368398 -0.651564 -0.571503 -0.336350
54959711913064 -0.677152 -0.070303 1.025440 -0.374035 -0.642496 -0.577823 -0.336775
54959745246448 -0.697697 -0.079197 1.031019 -0.374938 -0.634040 -0.587028 -0.335875
54959778582874 -0.716703 -0.087492 1.036646 -0.379149 -0.626416 -0.592671 -0.335545
54959811919544 -0.734789 -0.094734 1.042259 -0.384326 -0.620253 -0.595997 -0.335212
54959845252238 -0.751800 -0.100161 1.048287 -0.387922 -0.615563 -0.599921 -0.332704
54959878588664 -0.768261 -0.105386 1.053506 -0.392657 -0.611984 -0.601168 -0.331500
54959911925334 -0.784637 -0.109446 1.058671 -0.393270 -0.609191 -0.603247 -0.332142
54959945223291 -0.800024 -0.112677 1.062307 -0.390626 -0.608253 -0.605618 -0.332666
54959978559717 -0.815803 -0.114690 1.066320 -0.384716 -0.608355 -0.608232 -0.334591
54960011896387 -0.831743 -0.116131 1.069417 -0.373988 -0.609154 -0.612985 -0.336621
54960045233057 -0.847618 -0.117200 1.071482 -0.362236 -0.610274 -0.617076 -0.339951
54960078545666 -0.863699 -0.117969 1.072661 -0.349945 -0.611158 -0.621120 -0.343851
54960111890720 -0.878032 -0.118058 1.072284 0.332092 0.614011 0.628468 0.343125
54960145227390 -0.892653 -0.118459 1.070424 0.309571 0.617874 0.636747 0.341980
54960178563815 -0.907245 -0.118484 1.067629 0.282090 0.622214 0.645196 0.342047
54960211900485 -0.921533 -0.118446 1.063964 0.249500 0.626891 0.654401 0.341343
54960245418241 -0.935106 -0.117618 1.059360 0.218543 0.632129 0.659496 0.343099
54960278754667 -0.947995 -0.116874 1.054839 0.190217 0.637202 0.660798 0.348047
54960312152771 -0.960162 -0.116210 1.049731 0.162320 0.642433 0.660673 0.352765
54960345395835 -0.970849 -0.114903 1.043100 0.135479 0.646044 0.659141 0.360285
54960378732261 -0.982210 -0.114035 1.036762 0.107140 0.649625 0.656672 0.367817
54960412068931 -0.992589 -0.113007 1.029749 0.080657 0.653451 0.652579 0.375014
54960445424087 -1.001464 -0.111869 1.022264 0.058995 0.655571 0.647663 0.383770
54960478760512 -1.010086 -0.111225 1.013694 0.038979 0.655991 0.643003 0.393323
54960512097182 -1.017557 -0.109924 1.004389 0.015725 0.658602 0.637258 0.399871
54960545371355 -1.018203 -0.105620 0.994289 -0.009029 0.662208 0.630839 0.404279
54960578707781 -1.023581 -0.103608 0.983582 -0.030122 0.664013 0.623413 0.411747
54960612044451 -1.028003 -0.101969 0.972321 -0.051221 0.664363 0.617339 0.418199
54960645335674 -1.028271 -0.099263 0.961789 -0.073753 0.665210 0.611847 0.421544
54960678672100 -1.030513 -0.097702 0.949633 -0.092401 0.664701 0.605765 0.427414
54960712008770 -1.031786 -0.096368 0.937064 -0.105843 0.662273 0.600140 0.435916
54960745333597 -1.032402 -0.094030 0.924212 -0.118345 0.659028 0.595496 0.443914
54960778670023 -1.032159 -0.092467 0.910238 -0.131883 0.655393 0.590711 0.451805
54960812006693 -1.031445 -0.090408 0.895298 -0.144099 0.651468 0.584695 0.461472
54960845343363 -1.030476 -0.088315 0.879489 -0.155296 0.646501 0.578943 0.471958
54960878679016 -1.030228 -0.086623 0.862005 -0.166071 0.641666 0.572828 0.482238
54960912015686 -1.028630 -0.084688 0.844554 -0.176632 0.635576 0.567170 0.493115
54960945356929 -1.026895 -0.084303 0.825365 -0.187313 0.627739 0.562554 0.504372
54960978693354 -1.024342 -0.082830 0.806784 -0.197069 0.618830 0.558892 0.515610
54961012030024 -1.021122 -0.081371 0.788172 -0.204754 0.609304 0.556133 0.526821
54961045344472 -1.017541 -0.080034 0.768567 -0.211407 0.599325 0.553434 0.538356
54961078680898 -1.013561 -0.078200 0.749951 -0.218431 0.589152 0.550993 0.549176
54961112017568 -1.009123 -0.075976 0.731419 -0.225016 0.579132 0.548159 0.559907
54961145362961 -1.004416 -0.073572 0.713274 -0.231100 0.568653 0.544878 0.571257
54961178699387 -0.999512 -0.070942 0.694821 -0.238470 0.557815 0.541421 0.582098
54961212036057 -0.994479 -0.068076 0.676586 -0.246855 0.547514 0.537521 0.591914
54961245409692 -0.989342 -0.064461 0.660131 -0.253427 0.537896 0.532728 0.602198
54961278746117 -0.984000 -0.061255 0.642914 -0.258940 0.528230 0.527988 0.612496
54961312082787 -0.978735 -0.058445 0.626080 -0.265715 0.518232 0.524019 0.621478
54961345432174 -0.973620 -0.056529 0.608968 -0.271484 0.508419 0.520294 0.630160
54961378768600 -0.968373 -0.053615 0.593413 -0.275217 0.499053 0.515823 0.639632
54961412105270 -0.963184 -0.050783 0.578603 -0.280071 0.490629 0.511234 0.647675
54961445415519 -0.958266 -0.048527 0.563025 -0.285521 0.482056 0.506356 0.655517
54961478751945 -0.953372 -0.046028 0.549821 -0.291927 0.474212 0.501535 0.662090
54961512088615 -0.948521 -0.043352 0.537949 -0.296057 0.467444 0.496118 0.669114
54961545450490 -0.944023 -0.041099 0.527625 -0.300235 0.461337 0.491243 0.675061
54961578786916 -0.939994 -0.039565 0.518734 -0.305380 0.455639 0.487309 0.679460
54961612123586 -0.936445 -0.038386 0.511795 -0.310057 0.451509 0.483289 0.682961
54961645455822 -0.933328 -0.037393 0.504873 -0.314906 0.448839 0.479957 0.684849
54961678792248 -0.930972 -0.037184 0.502380 -0.317430 0.446431 0.477641 0.686874
54961712128918 -0.929282 -0.037596 0.502242 -0.320252 0.444486 0.476339 0.687729
54961745447025 -0.928139 -0.038573 0.502873 -0.321622 0.443625 0.476207 0.687738
54961778783450 -0.927528 -0.039087 0.507481 -0.321336 0.444526 0.476003 0.687430
54961812120120 -0.927554 -0.039293 0.514057 -0.320983 0.447320 0.474867 0.686568
54961845432430 -0.928363 -0.040065 0.521076 -0.320234 0.452126 0.473213 0.684910
54961878768856 -0.929620 -0.039897 0.530902 -0.318981 0.457393 0.471937 0.682875
54961912110902 -0.931332 -0.039326 0.541307 -0.318005 0.463285 0.470057 0.680652
54961945447572 -0.933371 -0.038675 0.553250 -0.318397 0.470372 0.467725 0.677206
54961978783998 -0.935543 -0.037904 0.566153 -0.318147 0.477672 0.466214 0.673243
54962012120668 -0.937592 -0.036618 0.579783 -0.315907 0.485361 0.464189 0.670191
54962045451931 -0.939448 -0.035523 0.593555 -0.313931 0.494199 0.462295 0.665956
54962078788356 -0.941146 -0.034421 0.608185 -0.312788 0.502882 0.461195 0.660736
54962112125026 -0.942526 -0.033309 0.623307 -0.309671 0.511336 0.460748 0.656012
54962145438158 -0.943589 -0.032359 0.638643 -0.305773 0.519661 0.460881 0.651186
54962178774584 -0.944366 -0.031535 0.654356 -0.302783 0.528693 0.461323 0.644970
54962212111254 -0.944795 -0.030783 0.670346 -0.298299 0.537667 0.462433 0.638817
54962245447924 -0.944996 -0.030086 0.686293 -0.293575 0.546330 0.463514 0.632845
54962278768263 -0.945378 -0.029996 0.702051 -0.290746 0.555428 0.464773 0.625262
54962312104933 -0.945327 -0.029803 0.717839 -0.287785 0.564502 0.466195 0.617397
54962345471699 -0.944766 -0.029191 0.733549 -0.282993 0.572512 0.468182 0.610697
54962378808125 -0.944407 -0.029430 0.749157 -0.278587 0.579989 0.471057 0.603413
54962412144795 -0.943836 -0.029570 0.764464 -0.274597 0.588046 0.473380 0.595575
54962445481465 -0.943164 -0.029481 0.779325 -0.270366 0.596026 0.474928 0.588301
54962478810707 -0.942726 -0.029171 0.793358 -0.266861 0.603172 0.476749 0.581101
54962512147377 -0.942148 -0.029266 0.807247 -0.263423 0.610031 0.478793 0.573783
54962545487478 -0.941291 -0.029315 0.820258 -0.260084 0.616819 0.480115 0.566903
54962578823903 -0.940727 -0.029010 0.832811 -0.256963 0.623364 0.480642 0.560688
54962612022424 -0.940325 -0.028730 0.844699 -0.254298 0.629571 0.481391 0.554288
54962645497243 -0.940203 -0.028657 0.856139 -0.251581 0.635250 0.482840 0.547750
54962678833669 -0.940597 -0.028805 0.867077 -0.249360 0.639730 0.484853 0.541741
54962712190567 -0.941570 -0.029173 0.877693 -0.246967 0.644676 0.486562 0.535403
54962745527237 -0.942532 -0.029218 0.888555 -0.244341 0.650420 0.487781 0.528508
54962778854642 -0.943356 -0.029411 0.899357 -0.242006 0.656158 0.490040 0.520337
54962812191312 -0.944756 -0.029880 0.910881 -0.239597 0.661497 0.492809 0.512011
54962845530177 -0.945917 -0.030048 0.922823 -0.236099 0.667494 0.495481 0.503197
54962878866602 -0.947201 -0.029661 0.935270 -0.230500 0.674373 0.496958 0.495099
54962912203272 -0.948481 -0.029046 0.947974 -0.224206 0.681632 0.497990 0.486946
54962945539942 -0.950055 -0.028731 0.960515 -0.220652 0.686858 0.500511 0.478568
54962978882795 -0.951701 -0.028160 0.973263 -0.219239 0.691825 0.503084 0.469275
54963012219465 -0.953119 -0.026596 0.986001 -0.216828 0.697471 0.503602 0.461416
54963045556135 -0.954152 -0.024804 0.999044 -0.212076 0.703196 0.503043 0.455506
54963078846972 -0.955520 -0.024419 1.012518 -0.207864 0.706743 0.504930 0.449836
54963112183642 -0.956518 -0.024154 1.026418 -0.205123 0.709177 0.508066 0.443691
54963145520311 -0.957262 -0.023759 1.040948 -0.200015 0.712141 0.509864 0.439190
54963178856737 -0.958013 -0.023148 1.056034 -0.194064 0.715926 0.509498 0.436120
54963212176884 -0.957665 -0.022412 1.071316 -0.191616 0.719356 0.510189 0.430717
54963245513554 -0.959033 -0.023153 1.087890 -0.189844 0.721370 0.512268 0.425635
54963278766724 -0.960071 -0.023601 1.104813 -0.187307 0.723367 0.513362 0.422037
54963312103394 -0.961641 -0.024355 1.122843 -0.185042 0.725538 0.514254 0.418206
54963345407715 -0.963550 -0.024246 1.141823 -0.182717 0.727988 0.514197 0.415028
54963378744140 -0.965716 -0.024714 1.161766 -0.179688 0.730322 0.513629 0.412949
54963412080810 -0.968094 -0.025179 1.182732 -0.176561 0.732717 0.512457 0.411510
54963445417480 -0.970621 -0.025994 1.204904 -0.173026 0.733632 0.512176 0.411732
54963478778632 -0.973064 -0.026622 1.228267 -0.169816 0.735118 0.511158 0.411681
54963512115302 -0.974984 -0.027695 1.252715 -0.167934 0.735191 0.511770 0.411563
54963545451972 -0.976573 -0.028891 1.278204 -0.166921 0.732982 0.514084 0.413029
54963578773692 -0.976060 -0.028382 1.304318 -0.167067 0.731177 0.515722 0.414125
54963612110362 -0.975930 -0.027938 1.331918 -0.166692 0.729846 0.516332 0.415860
54963645447032 -0.975261 -0.027085 1.360097 -0.167278 0.727817 0.516603 0.418833
54963678716402 -0.974457 -0.026230 1.389028 -0.171148 0.724978 0.519625 0.418456
54963712053072 -0.972401 -0.024545 1.418028 -0.171366 0.724923 0.519922 0.418092
54963745389742 -0.970102 -0.022134 1.447282 -0.167261 0.726647 0.517527 0.419731
54963778726168 -0.968163 -0.020345 1.476588 -0.165503 0.727896 0.516820 0.419133
54963812037537 -0.966176 -0.019096 1.504705 -0.167130 0.728150 0.518167 0.416375
54963845374207 -0.964821 -0.018466 1.532828 -0.168118 0.726791 0.521436 0.414265
54963878676032 -0.963337 -0.016618 1.560069 -0.168567 0.725702 0.524874 0.411640
54963912012702 -0.962147 -0.014979 1.587573 -0.168304 0.727818 0.525512 0.407175
54963945349371 -0.961239 -0.0