# Created at Sat Jul 26 09:11:00 PDT 2025
54950042194504 0.082620 -0.205403 0.624762
54950071275192 0.195630 -0.069791 0.547793
54950100353867 0.111330 1.365437 0.160505
54950129421433 -0.130725 1.594816 -0.029627
54950158500047 -0.161879 1.051910 -0.106291
54950187591111 0.079260 0.573908 -0.096211
54950216670518 0.328187 0.503658 -0.190285
54950245746872 0.427453 0.820850 -0.081398
54950274817246 0.554055 0.246179 -0.007636
54950303895921 0.450360 0.009468 -0.032681
54950332981247 0.264657 -0.062614 -0.100029
54950362060898 0.025962 0.478460 0.087659
54950391143357 0.195935 0.861167 0.456622
54950420228318 0.406073 0.440281 0.649655
54950449307176 0.049786 0.171653 0.547641
54950478383957 0.005803 0.932944 0.468228
54950507464524 0.052076 0.349262 0.099418
54950536545030 0.229227 0.240986 -0.019090
54950565627610 0.403171 0.333685 0.163559
54950594697922 0.450360 -0.355829 0.355982
54950623778855 0.336129 -0.241139 0.259770
54950652860154 0.013134 0.089186 0.190590
54950681940232 -0.086132 0.424704 0.118355
54950711018540 -0.019700 0.344528 -0.138514
54950740100999 -0.058796 0.077580 -0.276722
54950769180589 -0.206625 0.291994 -0.219148
54950798263108 -0.426078 0.388052 -0.131336
54950827327317 -0.475559 0.444099 -0.151800
54950856414414 -0.248317 0.577268 -0.128587
54950885497971 -0.100029 0.089492 -0.149051
54950914573472 -0.118202 0.239459 -0.085827
54950943654222 -0.117744 0.153938 -0.024893
54950972730454 -0.036041 0.182038 0.027794
54951001798630 0.124617 0.095600 0.034514
54951030895676 0.205862 -0.193339 -0.035277
54951059961411 0.177762 -0.250760 0.006261
54951089041734 0.168904 -0.214108 -0.023060
54951118133042 0.121257 -0.254273 -0.135918
54951147212388 0.216857 -0.267406 -0.253967
54951176289659 0.239001 -0.362549 -0.278860
54951205371384 0.255953 -0.456316 -0.361480
54951234445481 0.170431 -0.546572 -0.420428
54951263527269 0.013134 -0.597884 -0.487776
54951292603379 0.016646 -0.474642 -0.519235
54951321676743 0.119577 -0.552680 -0.443641
54951350769272 0.140957 -0.882089 -0.403171
54951379848252 0.125686 -0.761291 -0.483653
54951408926865 0.033903 -0.577115 -0.520763
54951438007493 0.028100 -0.682184 -0.459829
54951467079514 0.059407 -0.791987 -0.412487
54951496168443 0.048411 -0.820087 -0.394161
54951525246323 -0.022449 -0.691958 -0.462272
54951554318711 -0.131031 -0.544434 -0.430813
54951583396958 -0.186161 -0.459218 -0.350637
54951612477769 -0.191964 -0.386220 -0.281762
54951641564682 -0.118966 -0.419054 -0.267254
54951670644761 -0.138361 -0.194713 -0.198989
54951699714951 -0.372628 0.095295 -0.095600
54951728802292 -0.246637 0.006261 -0.108429
54951757882432 -0.110261 0.060018 -0.015272
54951786961899 -0.085979 0.133016 0.123547
54951816042649 0.031001 0.157451 0.276569
54951845114426 0.095295 0.173333 0.293673
54951874195176 0.017562 0.397673 0.328951
54951903274827 0.034208 0.580475 0.442419
54951932352830 0.106138 0.589027 0.480293
54951961442246 0.092546 0.709825 0.499230
54951990520859 0.121257 0.795194 0.549779
54952019598740 0.141110 0.848797 0.580627
54952048679551 0.090866 0.876744 0.629802
54952077759080 0.112094 0.802219 0.674853
54952106836655 0.171195 0.786489 0.629344
54952135913682 0.014203 0.813214 0.627359
54952164991258 -0.068264 0.794736 0.672868
54952194075059 -0.005345 0.717003 0.640492
54952223146653 0.046273 0.548710 0.588263
54952252228440 -0.031918 0.429133 0.520610
54952281317124 -0.233351 0.457080 0.500299
54952310394517 -0.288023 0.304516 0.441045
54952339475084 -0.171042 0.083994 0.366366
54952368552903 -0.020769 -0.116981 0.277027
54952397628281 0.000916 -0.200975 0.173638
54952426714402 -0.159589 -0.148440 -0.015882
54952455790207 -0.670883 -0.033750 -0.420428
54952484867173 -1.643838 0.198378 -0.583071
54952513939500 -1.585806 0.165392 -0.605367
54952543028550 -1.627192 0.378126 -0.883006
54952572103013 -1.696525 0.475406 -0.719294
54952601192124 -1.186148 0.302684 -0.670730
54952630263963 -1.303434 0.089034 -0.663858
54952659354844 -1.868637 0.238543 -0.795805
54952688430161 -1.977218 0.509309 -0.773814
54952717507859 -2.049606 0.423635 -0.694248
54952746590501 -2.005471 0.473879 -0.743270
54952775672471 -1.946064 0.569326 -0.929431
54952804739915 -1.551445 0.624152 -0.597732
54952833825364 -1.531592 0.649502 -0.365756
54952862895676 -1.131781 0.312152 -0.442725
54952891982956 -0.409127 -0.200822 -0.246179
54952921068040 -0.106749 -0.582613 -0.087506
54952950145798 0.169668 -0.559400 0.077580
54952979228257 0.170584 -0.484874 0.029932
54953008306809 0.093768 -0.484874 -0.007941
54953037387864 0.491747 -0.754113 0.022144
54953066466050 0.772134 -0.900110 0.021075
54953095537828 1.067182 -1.793959 -0.060018
54953124620774 1.694235 -2.795930 -0.169210
54953153700120 1.959503 -2.782338 -0.004123
54953182778000 2.163990 -3.678631 -0.141415
54953211862779 2.394134 -3.818671 -0.095906
54953240944810 1.857489 -2.554486 0.080329
54953270021348 1.323898 -1.420567 0.145539
54953299088242 1.229824 -1.447598 0.111330
54953328181809 1.303128 -2.218510 0.136681
54953357255418 1.311375 -2.376113 0.256258
54953386344773 1.188591 -1.381930 0.246637
54953415423630 0.883311 -0.441656 0.260381
54953444506516 0.676381 -0.650419 0.148440
54953473582932 0.662025 -1.796860 -0.066432
54953502659775 0.908967 -1.744020 -0.083994
54953531730698 0.651030 -0.664927 0.024587
54953560821519 0.083230 0.120340 -0.068264
54953589903734 -0.353996 0.482431 -0.262367
54953618981858 -0.655917 1.133613 -0.332922
54953648060716 -0.734260 2.146122 -0.354913
54953677141831 -0.949743 3.047454 -0.380722
54953706221177 -1.116356 3.420845 -0.543517
54953735301560 -0.886824 2.977052 -0.599564
54953764380845 -0.738994 3.012787 -0.669661
54953793447434 -0.812298 3.272558 -0.713949
54953822544480 -0.906219 3.311501 -0.730748
54953851620286 -0.987616 3.140611 -0.728762
54953880696885 -0.862542 2.556318 -0.696692
54953909780381 -0.629191 2.279749 -0.744797
54953938846726 -0.811993 2.089312 -0.745103
54953967922959 -0.622319 1.834428 -0.655611
54953997019517 -0.536340 1.719586 -0.516334
54954026095078 -0.277180 1.529301 -0.374155
54954055183335 0.345444 0.872163 -0.170431
54954084259019 0.216857 1.082911 0.039095
54954113338731 0.156687 1.469436 0.106749
54954142418686 0.276417 1.474476 0.095448
54954171498582 0.324217 0.769232 0.192270
54954200578477 0.364534 -0.081398 0.482431
54954229658188 0.247400 -1.090700 0.645990
54954258730210 0.280387 -2.321441 0.495564
54954287818833 0.735634 -4.026213 0.303447
54954316898240 0.811687 -4.453207 0.396146
54954345977952 0.834747 -2.899319 0.660345
54954375055711 1.178817 -2.116801 0.625526
54954404137437 1.234559 -2.251038 0.642172
54954433217454 1.118342 -2.458733 0.810924
54954462285386 1.032057 -1.921018 0.875523
54954491368516 1.238529 -2.432771 0.669661
54954520461228 1.457983 -2.992476 0.583834
54954549537156 1.497536 -2.847548 0.806342
54954578617051 1.239751 -2.268143 0.676381
54954607697251 1.123381 -2.386192 0.412487
54954636776841 1.187217 -2.680629 0.765872
54954665853379 1.368185 -2.919936 1.044274
54954694936692 1.425912 -2.295326 1.054964
54954724006883 1.019992 -1.274265 0.769996
54954753100877 0.217315 0.842383 0.086132
54954782179307 -0.701884 2.871830 -0.251982
54954811253098 -1.717906 3.851658 -0.341932
54954840339890 -1.866346 3.459941 -0.396910
54954869417344 -1.595122 2.474463 -0.343306
54954898492722 -1.334282 1.894446 -0.550695
54954927575913 -1.549460 2.281887 -0.368657
54954956645982 -1.667968 2.393676 -0.143553
54954985740586 -0.928973 2.472172 0.165544
54955014816269 -0.518319 2.188425 0.044593
54955043893051 -0.503658 1.631316 -0.221133
54955072976304 -0.615905 1.312902 -0.233045
54955102043198 -0.708604 1.064127 -0.472810
54955131136094 -0.265116 0.540463 -0.680504
54955160216050 0.430660 0.179747 -0.409891
54955189300034 0.462425 -0.266948 -0.314596
54955218380418 0.596052 -0.199753 -0.259465
54955247456101 0.488234 -0.076511 -0.309098
54955276536789 0.071319 -0.106443 -0.238237
54955305616196 0.164628 -0.338267 -0.133779
54955334695786 0.334601 -0.548404 0.192575
54955363772812 0.249997 -0.984104 0.268475
54955392857163 0.135307 -1.285871 0.483653
54955421937362 -0.312610 -1.437977 0.724486
54955451018662 -0.143095 -1.636661 0.768774
54955480096177 0.077733 -1.336573 0.964404
54955509174607 -0.183718 -0.882242 1.263422
54955538256333 0.163712 -0.903622 1.138653
54955567335069 0.395535 -0.945009 1.274265
54955596416001 0.383623 -0.609796 1.379639
54955625496018 0.470366 -0.542601 1.415222
54955654563157 0.502742 -0.632856 1.463939
54955683656846 0.558942 -0.805884 1.357801
54955712736558 0.466396 -0.393397 1.185231
54955741816514 0.709978 -0.422413 1.221425
54955770896714 0.916909 -0.996627 1.098641
54955799976365 0.637743 -0.827417 1.103528
54955829056321 0.699746 -0.666759 1.368949
54955858136643 0.959822 -1.121549 1.450194
54955887205796 1.036638 -1.443627 1.481959
54955916301438 0.899499 -1.493718 1.448972
54955945376938 0.773661 -1.316720 1.284344
54955974459764 0.471893 -1.147205 1.020603
54956003537339 0.158520 -1.032668 0.858571
54956032607468 0.000305 -0.870178 0.644921
54956061697190 -0.182343 -0.493274 0.483500
54956090777573 -0.254731 -0.417526 0.361174
54956119854295 -0.190743 -0.541837 0.309098
54956148938035 -0.286954 -0.181732 0.144928
54956178018052 -0.378584 0.474795 -0.048717
54956207096727 -0.183412 0.565508 -0.252593
54956236178208 0.084147 0.637896 -0.310472
54956265258042 0.325438 0.764956 -0.219911
54956294338974 0.510531 0.817643 -0.250760
54956323419419 0.590554 0.952033 -0.272599
54956352493638 0.580475 0.930042 -0.305738
54956381583054 0.631787 0.801913 -0.197157
54956410658921 0.502437 0.837038 -0.141415
54956439738816 0.456622 0.928515 -0.167988
54956468820420 0.669203 0.648128 -0.146150
54956497899399 0.640187 0.330784 -0.068722
54956526976548 0.409127 0.440281 -0.077580
54956556063035 0.509920 0.729679 -0.133321
54956585135667 0.482736 0.653931 -0.140804
54956614223863 0.317803 0.551153 -0.068417
54956643300034 0.146302 0.419206 -0.052534
54956672378708 0.107818 0.460745 -0.070708
54956701457688 0.199753 0.650113 -0.187994
54956730540086 0.298866 0.646754 -0.344070
54956759623399 0.111177 0.675770 -0.322690
54956788701157 -0.108123 0.618043 -0.248775
54956817772202 -0.120340 0.554666 -0.228158
54956846865464 -0.090255 0.634078 -0.353080
54956875938279 -0.000305 0.629344 -0.397521
54956905019700 0.035125 0.529467 -0.450666
54956934102646 -0.163865 0.458607 -0.500757
54956963182297 -0.254731 0.524428 -0.605826
54956992259751 -0.198989 0.609033 -0.793361
54957021327317 -0.200058 0.783587 -0.943481
54957050422349 -0.216399 0.783740 -0.995099
54957079507310 -0.331853 0.495870 -1.118494
54957108583786 -0.189368 0.353233 -1.062906
54957137663682 0.047342 0.403477 -1.111011
54957166744431 -0.053298 0.365756 -1.211498
54957195811509 -0.202349 0.214566 -1.373683
54957224904404 -0.289550 0.221591 -1.302212
54957253985886 -0.170279 0.246026 -1.176068
54957283064439 -0.166766 0.368352 -1.391551
54957312149522 -0.369268 0.246331 -1.603827
54957341225571 -0.318108 0.117592 -1.945300
54957370303391 -0.384387 0.539547 -1.846798
54957399386521 -0.720821 1.255328 -1.898722
54957428453599 -1.075886 0.452346 -2.061517
54957457549912 -0.888503 0.047037 -1.714851
54957486626999 -0.399506 0.342848 -1.696525
54957515709947 -0.086437 0.512363 -1.376585
54957544792100 0.217621 0.799928 -0.914923
54957573867966 0.251524 1.282664 -0.580933
54957602944993 0.073304 0.797637 -0.258396
54957632028916 -0.016035 -0.303295 0.023824
54957661095933 0.384234 -0.090561 0.060476
54957690188889 0.376904 -0.322384 0.043677
54957719269578 0.216399 -0.118813 0.082772
54957748336655 0.258091 0.045662 0.250149
54957777431260 0.290161 -0.187536 0.433256
54957806510422 0.162948 -0.120951 0.627511
54957835589525 -0.160963 -0.110261 0.570701
54957864674424 0.042150 -0.122326 0.668287
54957893738267 0.331089 -0.213497 0.661109
54957922818589 0.202044 -0.513585 0.534049
54957951908738 0.162337 -0.520915 0.497397
54957980983079 0.271835 -0.134238 0.667676
54958010076890 0.260992 -0.119730 0.709520
54958039153672 0.267254 -0.466243 0.704633
54958068232957 0.120493 -0.753960 0.518625
54958097314316 0.057269 -0.477086 0.501368
54958126381333 0.231671 -0.311083 0.553138
54958155474534 0.259923 -0.392786 0.518472
54958184556199 0.158061 -0.432951 0.416610
54958213624253 0.172264 -0.338877 0.323759
54958242717942 0.144928 -0.170431 0.293673
54958271796189 0.208916 -0.127671 0.263130
54958300875596 0.278555 -0.070097 0.130725
54958329957322 0.113316 0.199600 -0.007941
54958359024460 0.102778 0.361938 -0.095600
54958388114670 0.346666 0.331853 -0.218842
54958417198228 0.296575 0.450360 -0.326355
54958446275315 0.176845 0.594066 -0.293673
54958475360765 0.271224 0.486707 -0.209679
54958504442673 0.307265 0.269544 -0.201891
54958533518724 0.437380 0.437074 -0.308334
54958562600632 0.309861 0.521068 -0.355524
54958591675278 0.180511 0.396452 -0.327424
54958620757432 0.159589 0.347582 -0.315359
54958649841538 0.039859 0.269392 -0.315359
54958678911546 -0.004276 0.241292 -0.249080
54958708006577 -0.061392 0.208000 -0.095753
54958737082993 -0.016035 0.013897 0.040775
54958766163315 0.060170 -0.286649 0.364687
54958795244126 -0.094226 -0.362701 0.556193
54958824322556 -0.621403 -0.237627 0.588416
54958853401535 -0.457385 -0.080634 0.988533
54958882488328 -0.030238 -0.130420 1.168891
54958911554185 0.394772 -0.381333 1.170723
54958940646897 0.810618 -1.252579 0.863763
54958969727097 0.655153 -0.568563 0.926683
54958998807419 -0.041539 0.256563 0.948216
54959027874802 -0.260534 0.256411 0.877661
54959056967515 0.069791 -0.080023 0.973872
54959086036790 -0.183565 -0.047037 1.541213
54959115117173 -0.206320 -0.186314 1.669647
54959144196519 0.040012 -0.989449 1.279763
54959173291123 -0.132863 -0.763887 1.305572
54959202357407 -0.642172 -0.240834 1.887421
54959231438096 -0.290466 -0.810924 1.589013
54959260531723 0.215025 -1.269683 1.209819
54959289599351 0.285274 -1.158201 0.986700
54959318688218 0.100029 -0.769385 1.011746
54959347773240 -0.163559 -0.619723 1.129490
54959376853501 -0.292604 -1.011287 1.010677
54959405934678 -0.394619 -1.123534 0.886518
54959435014878 -0.153480 -0.952492 0.929584
54959464092087 -0.072846 -0.641103 0.818865
54959493176072 -0.168599 -0.538630 0.718836
54959522243638 -0.131794 -0.805731 0.651640
54959551333420 -0.290772 -0.684933 0.506407
54959580417649 -0.379958 -0.336129 0.495564
54959609497544 -0.132100 -0.421344 0.640645
54959638581223 -0.097433 -0.622624 0.627664
54959667656357 -0.257174 -0.497092 0.569479
54959696738694 -0.477391 -0.232587 0.529162
54959725820786 -0.631177 0.060170 0.434936
54959754888230 -0.444404 -0.110414 0.463341
54959783979661 -0.238390 -0.305280 0.424246
54959813062058 -0.226173 -0.047800 0.398131
54959842130662 -0.108887 -0.096517 0.398895
54959871211777 -0.056505 -0.193950 0.273209
54959900304184 -0.215941 0.007483 0.058490
54959929385606 -0.177151 0.128587 -0.049175
54959958465317 -0.228922 0.181122 -0.231671
54959987533005 -0.402560 0.421497 -0.353080
54960016629746 -0.409585 0.485027 -0.479224
54960045708054 -0.441808 0.344833 -0.513890
54960074787095 -0.447001 0.587652 -0.554818
54960103869736 -0.548404 1.065654 -0.534507
54960132948838 -0.601550 1.151328 -0.738842
54960162029831 -0.713949 1.319927 -0.944092
54960191110642 -0.835816 1.577254 -1.070541
54960220178086 -0.677144 1.433701 -1.174388
54960249261094 -0.535576 1.105819 -1.286330
54960278355393 -0.438296 1.068251 -1.327105
54960307432114 -0.413403 0.985173 -1.306641
54960336517320 -0.435089 0.799928 -1.442100
54960365594224 -0.437838 0.936609 -1.476003
54960394673691 -0.310320 0.840398 -1.432479
54960423755967 -0.223271 0.576810 -1.334282
54960452823228 -0.306654 0.374002 -1.247692
54960481906785 -0.236710 0.543823 -1.307404
54960510997544 -0.240528 0.896445 -1.308473
54960540077561 -0.146608 0.801302 -1.301754
54960569160019 -0.152564 0.470672 -1.295492
54960598239792 -0.267101 0.603382 -1.221120
54960627320725 -0.306349 0.786336 -1.164004
54960656401230 -0.230602 0.534965 -1.125825
54960685468796 -0.155771 0.172569 -1.035264
54960714565781 -0.168752 0.052993 -0.936304
54960743643113 -0.255342 0.116217 -0.948216
54960772726426 -0.207389 0.099266 -0.981508
54960801805771 -0.135918 -0.034667 -1.026254
54960830885544 -0.178984 -0.109192 -1.007928
54960859965806 -0.147982 -0.105527 -0.982271
54960889046982 -0.164170 -0.166613 -1.004568
54960918117478 -0.280234 -0.230143 -1.010677
54960947207017 -0.319635 -0.292452 -