# Created at Sat Jul 26 09:11:00 PDT 2025
54950044434922 0.308711 -0.144149 0.166062 0.925388
54950075746873 0.309443 -0.150693 0.175185 0.922414
54950107061448 0.308727 -0.140044 0.183388 0.922737
54950138379990 0.303240 -0.117182 0.191565 0.926076
54950169693589 0.297808 -0.100467 0.195366 0.929004
54950201011033 0.296475 -0.090696 0.197172 0.930054
54950232324510 0.299164 -0.081639 0.197531 0.929956
54950263637558 0.303252 -0.069396 0.200201 0.929054
54950294956284 0.310200 -0.063911 0.201671 0.926834
54950326277695 0.316649 -0.063740 0.201067 0.924793
54950357590256 0.318722 -0.061755 0.200748 0.924285
54950388910630 0.317030 -0.053428 0.206936 0.924021
54950420228318 0.319098 -0.044166 0.218831 0.921053
54950451543381 0.322148 -0.043156 0.228709 0.917633
54950482858262 0.319261 -0.037559 0.239147 0.916226
54950514162522 0.318043 -0.029017 0.245942 0.915161
54950545487839 0.319211 -0.025680 0.246339 0.914747
54950576803513 0.322858 -0.019365 0.249874 0.912661
54950608124680 0.329868 -0.022606 0.253029 0.909204
54950639438584 0.335503 -0.026144 0.255820 0.906262
54950670745469 0.334977 -0.025547 0.259067 0.905551
54950702059128 0.332262 -0.020630 0.262587 0.905662
54950733384873 0.330747 -0.015627 0.261751 0.906558
54950764703599 0.329215 -0.013097 0.258209 0.908171
54950796025010 0.323770 -0.008063 0.257331 0.910434
54950827327317 0.315506 -0.003881 0.257141 0.913411
54950858642258 0.307630 0.003409 0.257861 0.915893
54950889970567 0.304364 0.007715 0.257394 0.917089
54950921285447 0.302157 0.009911 0.256444 0.918063
54950952590257 0.299659 0.012577 0.256865 0.918731
54950983911606 0.298166 0.014487 0.257749 0.918941
54951015221421 0.299429 0.016244 0.258811 0.918202
54951046543443 0.303293 0.014685 0.257701 0.917272
54951077869553 0.307146 0.011591 0.256540 0.916359
54951109186509 0.310740 0.008909 0.254996 0.915608
54951140501572 0.313948 0.006330 0.251523 0.915496
54951171811936 0.318408 0.003967 0.246504 0.915334
54951203129258 0.323572 0.000177 0.240283 0.915186
54951234445481 0.328811 -0.004509 0.232484 0.915322
54951265762802 0.332128 -0.010967 0.223153 0.916392
54951297081224 0.333652 -0.016310 0.213283 0.918107
54951328390489 0.336150 -0.021039 0.203998 0.919209
54951359718491 0.340572 -0.030105 0.194108 0.919471
54951391034592 0.344682 -0.039016 0.183164 0.919849
54951422343187 0.346986 -0.044672 0.172515 0.920784
54951453660752 0.349254 -0.051531 0.162105 0.921460
54951484980088 0.352188 -0.060247 0.151783 0.921573
54951516298508 0.354858 -0.069232 0.141479 0.921557
54951547615159 0.356055 -0.075925 0.130974 0.922120
54951578932847 0.355417 -0.080901 0.121768 0.923204
54951610234422 0.353709 -0.084836 0.114176 0.924476
54951641564682 0.352259 -0.088937 0.107466 0.925449
54951672876267 0.351645 -0.091486 0.101748 0.926080
54951704191819 0.347882 -0.090412 0.099034 0.927899
54951735514634 0.343407 -0.088727 0.097056 0.929935
54951766817429 0.341295 -0.087133 0.095972 0.930976
54951798146409 0.339458 -0.085027 0.097391 0.931694
54951829463731 0.338936 -0.083120 0.101658 0.931601
54951860768662 0.339510 -0.081160 0.106764 0.930993
54951892088975 0.338576 -0.076211 0.113538 0.930950
54951923407212 0.337601 -0.069463 0.122858 0.930649
54951954716294 0.337308 -0.062337 0.133066 0.929855
54951986030747 0.336538 -0.053752 0.144291 0.928996
54952017348740 0.335922 -0.044259 0.156753 0.927699
54952048679551 0.335063 -0.034307 0.169890 0.926117
54952079994797 0.333610 -0.025291 0.183978 0.924239
54952111310960 0.333302 -0.016990 0.197516 0.921742
54952142617173 0.331777 -0.008494 0.210745 0.919477
54952173939682 0.328111 -0.000832 0.224539 0.917565
54952205250901 0.325201 0.005708 0.237711 0.915262
54952236582017 0.323764 0.010380 0.249378 0.912622
54952267890976 0.321922 0.013172 0.259430 0.910433
54952299211716 0.317160 0.015161 0.268970 0.909305
54952330520188 0.312567 0.015026 0.276738 0.908566
54952361841661 0.310814 0.012216 0.282229 0.907520
54952393157456 0.311935 0.008133 0.285312 0.906216
54952424471421 0.312616 0.003658 0.286377 0.905674
54952455790207 0.309455 0.000987 0.283464 0.907681
54952487108323 0.293486 -0.001674 0.276020 0.915246
54952518410019 0.267405 -0.001776 0.269718 0.925064
54952549740342 0.244324 -0.002015 0.259173 0.934415
54952581062852 0.217746 -0.000141 0.249356 0.943615
54952612368943 0.197033 0.002422 0.240793 0.950364
54952643683701 0.177788 0.001230 0.231039 0.956562
54952674996628 0.149407 0.000530 0.219987 0.963993
54952706322007 0.117192 0.003178 0.209428 0.970771
54952737641282 0.084218 0.004129 0.199712 0.976220
54952768959763 0.051525 0.005928 0.188345 0.980733
54952800275559 0.020528 0.010935 0.175815 0.984149
54952831581101 -0.005803 0.017214 0.168651 0.985509
54952862895676 -0.029463 0.021621 0.162653 0.986006
54952894216233 -0.041948 0.020853 0.157351 0.986431
54952925525864 -0.044295 0.013979 0.155480 0.986747
54952956858384 -0.042295 0.005348 0.156020 0.986834
54952988174485 -0.037413 -0.001545 0.157250 0.986849
54953019491929 -0.034547 -0.008627 0.157412 0.986891
54953050802232 -0.025776 -0.018151 0.158156 0.986911
54953082117234 -0.011522 -0.030495 0.159143 0.986717
54953113438646 0.010626 -0.055973 0.158762 0.985672
54953144753953 0.044274 -0.094040 0.157474 0.982038
54953176074692 0.082469 -0.134763 0.157644 0.974775
54953207378281 0.126482 -0.186547 0.154842 0.961887
54953238697557 0.168420 -0.232271 0.153795 0.945533
54953270021348 0.196317 -0.258584 0.155863 0.932899
54953301331467 0.217283 -0.275642 0.158709 0.922833
54953332657639 0.240007 -0.300156 0.159289 0.909357
54953363963242 0.262993 -0.331377 0.159469 0.891960
54953395286424 0.282526 -0.352404 0.162534 0.877253
54953426608140 0.295337 -0.359673 0.168542 0.868910
54953457924973 0.305856 -0.367228 0.171856 0.861430
54953489241013 0.319747 -0.387836 0.166956 0.848216
54953520558030 0.335644 -0.406589 0.163013 0.833940
54953551874924 0.344454 -0.412497 0.163902 0.827245
54953583188706 0.344934 -0.409533 0.163385 0.828619
54953614504502 0.339300 -0.400729 0.160167 0.835846
54953645828172 0.328264 -0.380520 0.159319 0.849744
54953677141831 0.312845 -0.346054 0.162535 0.869458
54953708458237 0.292060 -0.301198 0.166479 0.892337
54953739771348 0.272581 -0.256308 0.167846 0.912049
54953771087632 0.255810 -0.213103 0.168132 0.927836
54953802408250 0.238245 -0.165548 0.167822 0.942162
54953833727646 0.218328 -0.115993 0.167017 0.954455
54953865039902 0.196924 -0.068906 0.164811 0.964007
54953896358323 0.177791 -0.029821 0.161110 0.970332
54953927677964 0.162395 0.005022 0.155920 0.974316
54953958991929 0.145246 0.036554 0.149917 0.977288
54953990308396 0.131252 0.064114 0.144557 0.978655
54954021627976 0.118992 0.090552 0.141486 0.978582
54954052942612 0.115083 0.110513 0.138997 0.977355
54954084259019 0.117653 0.124841 0.138816 0.975348
54954115575120 0.117430 0.144945 0.142350 0.972079
54954146889389 0.117756 0.167892 0.145960 0.967802
54954178206406 0.120649 0.185098 0.149501 0.963759
54954209526230 0.126935 0.188085 0.154386 0.961601
54954240842454 0.135766 0.174979 0.161274 0.961738
54954272159836 0.147605 0.141487 0.163605 0.965105
54954303470505 0.169152 0.083282 0.157932 0.969283
54954334790024 0.191822 0.018490 0.151440 0.969499
54954366108934 0.211419 -0.024535 0.152454 0.965120
54954397429673 0.234025 -0.055805 0.155378 0.958110
54954428727707 0.257450 -0.090631 0.157868 0.948991
54954460054612 0.277577 -0.125082 0.162727 0.938523
54954491368516 0.297535 -0.156212 0.167613 0.926810
54954522696580 0.322790 -0.195329 0.166576 0.910992
54954554014390 0.349109 -0.236196 0.166382 0.891432
54954585327500 0.371130 -0.271438 0.167795 0.872026
54954616644212 0.390736 -0.302165 0.165805 0.853540
54954647958481 0.409550 -0.337957 0.163783 0.831402
54954679273911 0.428140 -0.377592 0.165415 0.804213
54954710595261 0.444919 -0.409886 0.171297 0.777623
54954741914292 0.454675 -0.426507 0.178441 0.761262
54954773225632 0.452475 -0.414032 0.187501 0.767260
54954804545945 0.433670 -0.377470 0.200088 0.793355
54954835861985 0.401350 -0.332994 0.210360 0.826911
54954867180284 0.369116 -0.295242 0.215644 0.854449
54954898492722 0.344419 -0.268876 0.214913 0.873438
54954929813645 0.319924 -0.242256 0.213724 0.890664
54954961130112 0.289218 -0.212762 0.215205 0.908170
54954992446458 0.262611 -0.182741 0.223202 0.920772
54955023761399 0.245854 -0.151787 0.232026 0.928806
54955055080674 0.233184 -0.128323 0.235104 0.934818
54955086394699 0.220935 -0.110250 0.235110 0.940083
54955117714402 0.208626 -0.095885 0.230621 0.945566
54955149034714 0.204377 -0.086207 0.222399 0.949388
54955180348618 0.211275 -0.081229 0.217274 0.949503
54955211652329 0.220419 -0.082439 0.212428 0.948416
54955242978318 0.230898 -0.081923 0.208411 0.946858
54955274302293 0.237511 -0.080859 0.204291 0.946211
54955305616196 0.239548 -0.082746 0.200550 0.946335
54955336932969 0.244931 -0.088110 0.199724 0.944646
54955368249680 0.251873 -0.099760 0.200744 0.941440
54955399566331 0.258030 -0.118446 0.201709 0.937392
54955430885483 0.258850 -0.142049 0.205732 0.933002
54955462203904 0.258767 -0.169265 0.209602 0.927608
54955493517319 0.261341 -0.192665 0.217816 0.920401
54955524834397 0.258560 -0.211403 0.231207 0.913783
54955556142380 0.260402 -0.228494 0.244610 0.905620
54955587455125 0.264493 -0.245091 0.260407 0.895635
54955618772446 0.267355 -0.257459 0.278700 0.885755
54955650086716 0.270598 -0.269022 0.298050 0.874969
54955681419541 0.275271 -0.282818 0.316739 0.862506
54955712736558 0.279792 -0.294387 0.333334 0.850847
54955744053696 0.283542 -0.301133 0.350320 0.840356
54955775368272 0.293578 -0.311650 0.366331 0.826128
54955806671311 0.303285 -0.324565 0.379477 0.811587
54955838004746 0.308497 -0.335420 0.396017 0.797179
54955869321336 0.318310 -0.349401 0.413783 0.778063
54955900638230 0.331697 -0.367369 0.430231 0.754929
54955931942673 0.343886 -0.386604 0.444661 0.731134
54955963271042 0.353744 -0.403397 0.456541 0.709722
54955994579576 0.360335 -0.418557 0.464083 0.692529
54956025893479 0.363415 -0.433295 0.468105 0.679016
54956057223923 0.364306 -0.445067 0.469850 0.669655
54956088540757 0.361668 -0.453536 0.470697 0.664790
54956119854295 0.359872 -0.461607 0.470232 0.660525
54956151171433 0.358311 -0.468171 0.469127 0.657532
54956182494980 0.351989 -0.467845 0.468701 0.661471
54956213808579 0.345567 -0.462058 0.468391 0.669101
54956245109238 0.342539 -0.452924 0.469149 0.676333
54956276442917 0.340504 -0.440802 0.473164 0.682544
54956307749009 0.340615 -0.426498 0.478693 0.687702
54956339073838 0.340893 -0.410032 0.484939 0.693181
54956370396409 0.341439 -0.393644 0.490746 0.698307
54956401710862 0.342686 -0.378912 0.496936 0.701460
54956433028611 0.341618 -0.364815 0.502984 0.705134
54956464332566 0.340895 -0.350026 0.508948 0.708692
54956495662339 0.344621 -0.338306 0.514192 0.708796
54956526976548 0.348038 -0.330067 0.518239 0.708063
54956558296982 0.348236 -0.318895 0.522928 0.709636
54956589613694 0.348976 -0.306297 0.527540 0.711406
54956620930589 0.348950 -0.296213 0.531400 0.712815
54956652235581 0.347812 -0.289202 0.534072 0.714252
54956683561815 0.345584 -0.282937 0.536179 0.716261
54956714887925 0.343304 -0.273374 0.538436 0.719372
54956746199875 0.342627 -0.261981 0.539286 0.723287
54956777519639 0.339825 -0.251896 0.539524 0.727998
54956808817612 0.334666 -0.244566 0.539464 0.732915
54956840139085 0.329679 -0.237694 0.538957 0.737793
54956871464280 0.325173 -0.228861 0.537646 0.743520
54956902787644 0.322202 -0.219784 0.535719 0.748923
54956934102646 0.319885 -0.212221 0.532257 0.754546
54956965419419 0.315349 -0.205640 0.527352 0.761687
54956996736253 0.310679 -0.197551 0.520894 0.770144
54957028050339 0.305657 -0.186240 0.512650 0.780434
54957059370530 0.299992 -0.173691 0.503639 0.791318
54957090688768 0.295396 -0.164208 0.491737 0.802478
54957122004807 0.292821 -0.156306 0.479133 0.812561
54957153322495 0.293405 -0.146270 0.466699 0.821408
54957184642868 0.293779 -0.136885 0.452157 0.830970
54957215944077 0.293179 -0.129495 0.434652 0.841638
54957247273545 0.291198 -0.122691 0.418250 0.851597
54957278592759 0.290509 -0.114422 0.402725 0.860421
54957309911667 0.288730 -0.105294 0.383843 0.870754
54957341225571 0.286529 -0.097340 0.359900 0.882552
54957372533433 0.283587 -0.086821 0.333821 0.894765
54957403856614 0.273165 -0.066835 0.311533 0.907668
54957435180710 0.258698 -0.052373 0.284672 0.921572
54957466494736 0.245458 -0.047861 0.258131 0.933182
54957497811509 0.238196 -0.038825 0.233184 0.942009
54957529129136 0.235148 -0.026998 0.214146 0.947691
54957560445847 0.235355 -0.010870 0.202866 0.950440
54957591760178 0.234992 0.010554 0.198952 0.951360
54957623070603 0.234041 0.020646 0.197845 0.951660
54957654398179 0.235900 0.017374 0.197468 0.951344
54957685715561 0.242506 0.015955 0.197596 0.949680
54957717020066 0.248311 0.012309 0.197168 0.948322
54957748336655 0.251740 0.012280 0.199143 0.947005
54957779663926 0.256175 0.010885 0.203657 0.944870
54957810985215 0.260607 0.007045 0.211056 0.942067
54957842290268 0.260311 0.002830 0.219518 0.940235
54957873618394 0.259948 -0.001399 0.228421 0.938216
54957904935105 0.264696 -0.006024 0.237434 0.934626
54957936243760 0.270094 -0.014089 0.243689 0.931379
54957967561937 0.273925 -0.022964 0.249084 0.928652
54957998887803 0.277742 -0.026821 0.258134 0.924936
54958030205308 0.281820 -0.031109 0.267835 0.920801
54958061522934 0.287394 -0.040743 0.275231 0.916511
54958092826951 0.291006 -0.052633 0.279446 0.913485
54958124153733 0.293219 -0.060174 0.285329 0.910488
54958155474534 0.297608 -0.066351 0.291749 0.906592
54958186792344 0.301445 -0.073568 0.296833 0.903111
54958218109360 0.304425 -0.079989 0.300314 0.900411
54958249426255 0.306551 -0.083774 0.303723 0.898199
54958280730698 0.308626 -0.085958 0.307295 0.896064
54958312058274 0.311814 -0.086648 0.309695 0.894066
54958343377671 0.312360 -0.083651 0.310961 0.893721
54958374695847 0.311495 -0.077756 0.311674 0.894307
54958406013108 0.314052 -0.070303 0.310740 0.894354
54958437331101 0.315337 -0.060650 0.308977 0.895219
54958468645798 0.314860 -0.050078 0.308266 0.896285
54958499955613 0.316357 -0.042017 0.307771 0.896342
54958531284531 0.319520 -0.034809 0.306317 0.896027
54958562600632 0.322688 -0.024447 0.304297 0.895923
54958593917710 0.323530 -0.014995 0.302011 0.896601
54958625221848 0.324178 -0.007307 0.299382 0.897344
54958656551987 0.323912 -0.001243 0.296393 0.898460
54958687870041 0.322489 0.003737 0.293804 0.899815
54958719187913 0.320589 0.007358 0.293078 0.900708
54958750504380 0.319862 0.007937 0.293578 0.900798
54958781822007 0.321726 0.002848 0.297047 0.899026
54958813126755 0.321913 -0.005548 0.302749 0.897042
54958844456772 0.314085 -0.013891 0.310919 0.896932
54958875761155 0.308763 -0.022163 0.324589 0.893765
54958907091721 0.310032 -0.029434 0.340594 0.887136
54958938409470 0.321812 -0.041915 0.351918 0.877972
54958969727097 0.338364 -0.056707 0.359160 0.867927
54959001031968 0.343273 -0.061875 0.371340 0.860489
54959032365159 0.338093 -0.064499 0.385296 0.856201
54959063680527 0.337156 -0.069531 0.397434 0.850610
54959094986497 0.335362 -0.078721 0.415015 0.842079
54959126313462 0.333051 -0.091983 0.435610 0.831180
54959157631333 0.337079 -0.109808 0.447863 0.820816
54959188946214 0.339101 -0.128125 0.460698 0.810156
54959220250168 0.330839 -0.146224 0.480622 0.798853
54959251586717 0.331888 -0.167184 0.494633 0.785645
54959282901353 0.342079 -0.187023 0.502684 0.771565
54959314219040 0.351022 -0.203293 0.509346 0.758962
54959345536118 0.353714 -0.217395 0.517809 0.747997
54959376853501 0.354849 -0.234544 0.525167 0.737069
54959408171006 0.356843 -0.255701 0.528039 0.726949
54959439488206 0.358878 -0.274760 0.531373 0.716489
54959470806382 0.360865 -0.288818 0.536168 0.706318
54959502110642 0.361120 -0.300499 0.540244 0.698161
54959533441208 0.363337 -0.313861 0.542283 0.689497
54959564754441 0.364324 -0.326964 0.542349 0.682803
54959596076401 0.360978 -0.336949 0.543707 0.678633
54959627393662 0.359971 -0.346524 0.547123 0.671564
54959658711472 0.360765 -0.357516 0.549416 0.663455
54959690029404 0.358410 -0.368119 0.551023 0.657575
54959721333542 0.351231 -0.376793 0.552364 0.655407
54959752660569 0.342039 -0.383869 0.553623 0.655100
54959783979661 0.337620 -0.391205 0.555166 0.651738
54959815299790 0.334113 -0.396963 0.557094 0.648410
54959846616685 0.329831 -0.400799 0.560112 0.645636
54959877927232 0.328760 -0.404521 0.562232 0.642009
5495990923863