# Created at Sat Jul 26 09:11:00 PDT 2025
54950377630832 -0.499858 0.069829 0.920161 -0.624902 0.444807 -0.017544 0.641355
54950410967502 -0.504002 0.071405 0.922453 -0.629881 0.452129 -0.009060 0.631464
54950444426527 -0.509029 0.070546 0.923422 -0.628830 0.461558 -0.003927 0.625716
54950477762953 -0.514277 0.071067 0.926366 -0.629075 0.467294 0.004946 0.621189
54950511099623 -0.519332 0.071872 0.929199 -0.634415 0.470777 0.013195 0.612954
54950544464281 -0.525016 0.071581 0.932494 -0.636437 0.471664 0.012958 0.610175
54950577800706 -0.529205 0.072966 0.935060 -0.638955 0.476613 0.012878 0.603664
54950611137376 -0.532198 0.074149 0.938262 -0.633700 0.484523 0.009239 0.602973
54950644483744 -0.533944 0.076732 0.940940 -0.629635 0.490614 0.007064 0.602336
54950677820170 -0.536084 0.077211 0.944121 -0.629961 0.492175 0.010906 0.600662
54950711156840 -0.537994 0.077743 0.946765 -0.633745 0.492043 0.015044 0.596687
54950744473137 -0.539835 0.078034 0.949394 -0.637834 0.488785 0.014897 0.595008
54950777809563 -0.542157 0.078091 0.951419 -0.641580 0.484447 0.015346 0.594517
54950811146233 -0.544375 0.077543 0.953779 -0.646467 0.478881 0.021211 0.593551
54950844406119 -0.546332 0.075593 0.955911 -0.651779 0.472785 0.028687 0.592313
54950877742544 -0.547804 0.075193 0.957841 -0.657446 0.468780 0.033826 0.588953
54950911079214 -0.549201 0.074975 0.959621 -0.659507 0.466227 0.034574 0.588633
54950944405777 -0.551169 0.074501 0.961513 -0.662044 0.464280 0.037200 0.587160
54950977742203 -0.552398 0.074561 0.963175 -0.663419 0.463343 0.039140 0.586222
54951011078873 -0.553638 0.075291 0.964522 -0.664573 0.464407 0.039821 0.584024
54951044358012 -0.553841 0.075719 0.965805 -0.663270 0.466620 0.036513 0.583956
54951077719882 -0.556658 0.077637 0.966764 -0.660969 0.468484 0.032685 0.585298
54951111056552 -0.560698 0.080262 0.967308 -0.659209 0.469727 0.028829 0.586488
54951144436810 -0.566351 0.083810 0.967253 -0.658141 0.469282 0.023541 0.588277
54951177773236 -0.572850 0.088459 0.965944 -0.657315 0.468778 0.016078 0.589852
54951211109906 -0.580264 0.093792 0.963272 -0.655724 0.467801 0.006891 0.592571
54951244443290 -0.588339 0.099015 0.959579 -0.653629 0.465426 -0.003310 0.596772
54951277779716 -0.597280 0.103707 0.953891 -0.651350 0.460533 -0.012938 0.602897
54951311116386 -0.605978 0.107928 0.946495 -0.650290 0.455159 -0.022006 0.607840
54951344463208 -0.613769 0.111630 0.938264 -0.647087 0.451556 -0.032375 0.613455
54951377799633 -0.621144 0.114663 0.928364 -0.641333 0.447841 -0.044781 0.621389
54951411136303 -0.627840 0.117260 0.917425 -0.638140 0.442738 -0.055757 0.627416
54951444490533 -0.630429 0.119645 0.904675 -0.635074 0.437522 -0.065704 0.633197
54951477826959 -0.635028 0.121531 0.893161 -0.629903 0.432743 -0.076318 0.640415
54951511026003 -0.638771 0.123040 0.881876 -0.624025 0.428060 -0.086805 0.647937
54951544500299 -0.641949 0.124300 0.870712 -0.619856 0.421968 -0.096268 0.654564
54951577851312 -0.646734 0.122605 0.860277 -0.617192 0.415076 -0.102780 0.660471
54951611187328 -0.649828 0.123295 0.850396 -0.615253 0.408702 -0.107148 0.665541
54951644523998 -0.651184 0.123101 0.842936 -0.612737 0.403324 -0.111181 0.670463
54951677728819 -0.651690 0.122760 0.837287 -0.611284 0.399254 -0.114497 0.673660
54951711197093 -0.651618 0.121616 0.833984 -0.612950 0.394573 -0.112345 0.675265
54951744521166 -0.652037 0.120217 0.830678 -0.614653 0.390542 -0.110522 0.676360
54951777857592 -0.650224 0.118914 0.831765 -0.615559 0.389207 -0.109047 0.676545
54951811138225 -0.646742 0.117791 0.835288 -0.616189 0.390436 -0.105795 0.675780
54951844474895 -0.642265 0.116833 0.841443 -0.615893 0.394394 -0.102230 0.674299
54951877811321 -0.636950 0.116078 0.849543 -0.616930 0.398608 -0.097628 0.671549
54951911147991 -0.630616 0.115515 0.859713 -0.620086 0.403736 -0.089839 0.666647
54951944426994 -0.623860 0.115470 0.870465 -0.623327 0.410500 -0.081704 0.660513
54951977763420 -0.615857 0.115483 0.883483 -0.627443 0.417608 -0.072458 0.653198
54952011100090 -0.607032 0.115544 0.897416 -0.632084 0.425568 -0.062255 0.644582
54952044442046 -0.597964 0.116613 0.910582 -0.636983 0.433726 -0.051337 0.635216
54952077778472 -0.587938 0.116396 0.925336 -0.641089 0.442255 -0.039220 0.626001
54952111115142 -0.577622 0.116110 0.939861 -0.644350 0.451213 -0.028384 0.616777
54952144449385 -0.567855 0.113977 0.954126 -0.647997 0.458944 -0.016643 0.607613
54952177785810 -0.557582 0.112550 0.967953 -0.650961 0.465654 -0.003230 0.599505
54952211122480 -0.547477 0.111199 0.980678 -0.653009 0.472451 0.008716 0.591855
54952244392997 -0.537948 0.107528 0.993295 -0.653563 0.479319 0.018233 0.585471
54952277729423 -0.529584 0.105743 1.003263 -0.653618 0.483893 0.027811 0.581254
54952311066093 -0.522687 0.103662 1.011636 -0.653625 0.486160 0.038582 0.578735
54952344374707 -0.515618 0.100970 1.018707 -0.651913 0.488224 0.046179 0.578372
54952377711133 -0.512164 0.100055 1.023280 -0.648680 0.490944 0.049451 0.579433
54952411047803 -0.510887 0.100022 1.026026 -0.645378 0.493142 0.049733 0.581228
54952444397571 -0.512472 0.099214 1.027297 -0.644083 0.491054 0.050186 0.584383
54952477733996 -0.516762 0.098964 1.027458 -0.646756 0.478049 0.054629 0.591770
54952511070666 -0.523141 0.097038 1.027078 -0.652633 0.454787 0.070078 0.601937
54952544342717 -0.530788 0.095680 1.025965 -0.658041 0.430824 0.080729 0.612255
54952577679143 -0.539149 0.092347 1.023632 -0.664962 0.404053 0.094120 0.621053
54952611015813 -0.547516 0.087953 1.021041 -0.671107 0.381920 0.104942 0.626689
54952644291841 -0.556277 0.081104 1.017869 -0.674089 0.360655 0.112950 0.634645
54952677628267 -0.564838 0.070416 1.014834 -0.677688 0.331755 0.126899 0.643875
54952710964937 -0.572425 0.057207 1.011581 -0.682406 0.300593 0.144081 0.650543
54952744273594 -0.578913 0.042838 1.007352 -0.685048 0.269293 0.162123 0.657196
54952777610020 -0.584817 0.026185 1.003008 -0.688236 0.236233 0.178107 0.662422
54952810946690 -0.589159 0.009794 0.998447 -0.692650 0.206462 0.192129 0.663849
54952844237507 -0.591064 -0.003429 0.993676 -0.696030 0.182903 0.207553 0.662579
54952877573933 -0.592385 -0.018007 0.989470 -0.696763 0.163668 0.217763 0.663561
54952910910603 -0.592817 -0.029757 0.985850 -0.693616 0.156842 0.219531 0.667910
54952944362510 -0.591821 -0.038028 0.980094 -0.687469 0.157500 0.218156 0.674528
54952977698935 -0.591210 -0.045195 0.977378 -0.682266 0.162705 0.215116 0.679532
54953011035605 -0.590850 -0.050650 0.974906 -0.677247 0.165508 0.212736 0.684607
54953044368800 -0.589048 -0.056069 0.968410 -0.671521 0.172608 0.207051 0.690214
54953077705226 -0.589559 -0.054925 0.966711 -0.663538 0.184226 0.196907 0.697858
54953111041896 -0.590913 -0.050409 0.965259 -0.647391 0.201373 0.179307 0.712870
54953144087026 -0.594283 -0.043676 0.961764 -0.619626 0.228106 0.150240 0.735839
54953177423452 -0.596784 -0.033223 0.961243 -0.587171 0.259328 0.117807 0.757694
54953210760122 -0.600119 -0.021376 0.960678 -0.543004 0.293425 0.077210 0.782999
54953244178437 -0.603438 -0.006551 0.960394 -0.503072 0.325023 0.042048 0.799694
54953277394612 -0.606746 0.004730 0.959690 -0.479325 0.346994 0.021599 0.805838
54953310851532 -0.610179 0.015483 0.958523 -0.459887 0.365122 0.005126 0.809422
54953344181665 -0.612737 0.025067 0.956799 -0.429771 0.383722 -0.016108 0.817187
54953377518091 -0.615343 0.033790 0.955558 -0.397056 0.402379 -0.036253 0.824089
54953410854761 -0.616921 0.041859 0.954198 -0.378622 0.418627 -0.047993 0.824072
54953444144305 -0.620374 0.047760 0.951208 -0.371195 0.430518 -0.052609 0.821037
54953477480731 -0.622032 0.053342 0.948729 -0.353104 0.438512 -0.065097 0.823885
54953510817401 -0.623164 0.058066 0.946341 -0.327535 0.447185 -0.084431 0.828020
54953544235112 -0.621652 0.061682 0.944911 -0.313770 0.455867 -0.095107 0.827459
54953577571538 -0.622001 0.063203 0.942856 -0.315045 0.457251 -0.096112 0.826093
54953610908208 -0.623071 0.063402 0.940390 -0.325236 0.451347 -0.093550 0.825685
54953644389429 -0.621348 0.060508 0.936799 -0.347844 0.442213 -0.084426 0.822389
54953677725855 -0.620828 0.059011 0.935145 -0.385814 0.432017 -0.066256 0.812477
54953711062525 -0.620020 0.057014 0.933718 -0.434100 0.417356 -0.041940 0.797253
54953744612716 -0.610499 0.051112 0.937033 -0.478800 0.402318 -0.022248 0.779997
54953777949141 -0.608654 0.049341 0.936336 -0.521500 0.387586 -0.004595 0.760127
54953811285811 -0.606793 0.047517 0.935766 -0.566383 0.370734 0.014294 0.735909
54953844707207 -0.605995 0.041337 0.936115 -0.610605 0.351092 0.034426 0.709021
54953878043633 -0.604688 0.037690 0.936221 -0.648175 0.329911 0.053003 0.684265
54953911380303 -0.603354 0.034173 0.936299 -0.678181 0.311307 0.065986 0.662424
54953944714394 -0.603217 0.027552 0.936972 -0.704697 0.292334 0.077572 0.641813
54953978050820 -0.602053 0.023372 0.937162 -0.727071 0.273963 0.087620 0.623406
54954011387490 -0.600416 0.019757 0.937477 -0.746274 0.259329 0.096418 0.605415
54954044730166 -0.599718 0.017887 0.941742 -0.761740 0.250122 0.102211 0.588850
54954078066591 -0.597442 0.017532 0.942066 -0.771429 0.249864 0.100669 0.576482
54954111403261 -0.594724 0.017757 0.942448 -0.783142 0.250448 0.104109 0.559576
54954144779366 -0.593725 0.018767 0.942820 -0.796776 0.250730 0.108420 0.539007
54954178115792 -0.591531 0.019974 0.942813 -0.806450 0.253438 0.110283 0.522728
54954211452462 -0.589436 0.021071 0.943695 -0.806465 0.261577 0.109377 0.518873
54954244799421 -0.589381 0.020284 0.943183 -0.795665 0.274141 0.106914 0.529465
54954278135847 -0.588700 0.020162 0.945350 -0.771828 0.287678 0.095582 0.558916
54954311472517 -0.589357 0.020466 0.946994 -0.730980 0.305066 0.068863 0.606516
54954344831365 -0.590144 0.020600 0.946092 -0.688316 0.322984 0.044126 0.648039
54954378167791 -0.589454 0.023191 0.947219 -0.658375 0.342971 0.026612 0.669481
54954411504461 -0.588494 0.026459 0.948262 -0.630797 0.364317 0.008031 0.685058
54954444662011 -0.586424 0.019281 0.952563 -0.597524 0.385558 -0.010120 0.702999
54954477998437 -0.585571 0.020367 0.954729 -0.567658 0.405861 -0.023480 0.715884
54954511335107 -0.585076 0.021814 0.956388 -0.532766 0.425773 -0.044005 0.730028
54954544710663 -0.582488 0.023928 0.956931 -0.490615 0.446740 -0.070052 0.744858
54954578047088 -0.581412 0.024932 0.958874 -0.449859 0.466842 -0.091557 0.755846
54954611383758 -0.580655 0.026036 0.960345 -0.415370 0.481832 -0.110974 0.763538
54954644685785 -0.579776 0.030833 0.960666 -0.374747 0.495367 -0.132116 0.772478
54954678022211 -0.578096 0.029812 0.963492 -0.326447 0.511655 -0.150867 0.780308
54954711358881 -0.575543 0.027852 0.966643 -0.283340 0.529223 -0.164452 0.782686
54954744698053 -0.572200 0.029716 0.965539 -0.261013 0.541170 -0.169081 0.781293
54954778034479 -0.570380 0.029532 0.966291 -0.278120 0.544852 -0.157226 0.775284
54954811371149 -0.570251 0.029096 0.966021 -0.326169 0.536673 -0.125267 0.768052
54954844774293 -0.570626 0.031187 0.966217 -0.379710 0.517402 -0.086785 0.761960
54954878110718 -0.572175 0.028878 0.965648 -0.420561 0.496562 -0.056098 0.757237
54954911447388 -0.573487 0.026570 0.965018 -0.450527 0.477007 -0.036595 0.753758
54954944658500 -0.574709 0.022627 0.963876 -0.482169 0.455754 -0.011877 0.748104
54954977994926 -0.574981 0.018448 0.964330 -0.512288 0.435572 0.017475 0.739955
54955011331596 -0.573485 0.015582 0.965280 -0.540581 0.425679 0.043359 0.724355
54955044622856 -0.571585 0.013163 0.968814 -0.563250 0.417466 0.060797 0.710475
54955077959282 -0.571625 0.010623 0.969780 -0.580650 0.407208 0.072899 0.701222
54955111295952 -0.573330 0.007376 0.971151 -0.595827 0.393979 0.082859 0.694913
54955144627304 -0.564242 0.031546 0.958284 -0.606494 0.382915 0.083576 0.691778
54955177963730 -0.568007 0.030057 0.960786 -0.611938 0.382611 0.076011 0.688014
54955211300400 -0.572936 0.028454 0.964362 -0.611525 0.385418 0.065966 0.687851
54955244604454 -0.578799 0.043884 0.979352 -0.612339 0.388680 0.055111 0.686244
54955277940880 -0.586952 0.041264 0.984469 -0.613568 0.389408 0.048348 0.685244
54955311277550 -0.596453 0.037716 0.990209 -0.612135 0.388586 0.043984 0.687282
54955344882482 -0.605338 0.042627 0.994271 -0.605812 0.394107 0.039277 0.690021
54955378218907 -0.615594 0.039215 1.000928 -0.593562 0.400503 0.033587 0.697247
54955411555577 -0.626443 0.034431 1.008089 -0.575412 0.407122 0.029999 0.708698
54955444930883 -0.632578 0.034947 1.015444 -0.552261 0.410972 0.030834 0.724679
54955478267309 -0.644073 0.029371 1.022816 -0.527765 0.418887 0.030539 0.738285
54955511603979 -0.655472 0.023683 1.030438 -0.506390 0.428314 0.037012 0.747493
54955544916571 -0.665585 0.018673 1.038464 -0.487007 0.438868 0.046173 0.753716
54955578252997 -0.677284 0.014993 1.046184 -0.466408 0.453919 0.051505 0.757475
54955611589667 -0.689085 0.011622 1.054242 -0.447776 0.469851 0.060786 0.758315
54955644963037 -0.699544 0.010022 1.062908 -0.430167 0.486866 0.070796 0.756905
54955678299462 -0.711633 0.007791 1.071567 -0.410138 0.504401 0.079736 0.755651
54955711636132 -0.724388 0.006334 1.080304 -0.391650 0.520487 0.086841 0.753765
54955745029941 -0.738346 0.004740 1.090592 -0.377486 0.535857 0.095644 0.749142
54955778366367 -0.751680 0.004307 1.099137 -0.358784 0.555006 0.097850 0.744088
54955811703037 -0.765898 0.003377 1.107299 -0.338721 0.571665 0.098819 0.740744
54955845034583 -0.780205 0.001810 1.115682 -0.318268 0.588694 0.105033 0.735604
54955878371009 -0.793598 -0.000565 1.123067 -0.291800 0.609917 0.106624 0.729030
54955911707679 -0.807315 -0.003611 1.129755 -0.260731 0.631543 0.104875 0.722617
54955945010251 -0.820950 -0.007324 1.134707 -0.230195 0.650105 0.102777 0.716806
54955978346677 -0.836485 -0.010889 1.139109 -0.204384 0.663856 0.101028 0.712261
54956011683347 -0.853124 -0.014338 1.142596 -0.182170 0.671733 0.099142 0.711168
54956044916992 -0.868225 -0.018527 1.144758 -0.163785 0.675641 0.096956 0.712239
54956078253418 -0.884524 -0.021861 1.146826 -0.151648 0.675838 0.097218 0.714699
54956111449168 -0.899565 -0.025219 1.148368 -0.142015 0.674521 0.097269 0.717908
54956144881463 -0.911222 -0.028005 1.147524 -0.132989 0.673397 0.095797 0.720884
54956178217888 -0.921533 -0.030630 1.148051 -0.132830 0.669349 0.098525 0.724307
54956211554558 -0.928266 -0.032092 1.148284 -0.140679 0.664463 0.103298 0.726655
54956244765884 -0.930783 -0.033271 1.147279 -0.151471 0.662730 0.106225 0.725646
54956278102310 -0.928580 -0.032867 1.146856 -0.163644 0.664042 0.110834 0.721100
54956311438980 -0.922546 -0.031490 1.145845 -0.177133 0.667821 0.115403 0.713667
54956344918521 -0.908199 -0.030070 1.142533 -0.192550 0.672045 0.120356 0.704836
54956378254947 -0.896659 -0.027410 1.140000 -0.207292 0.676312 0.125121 0.695684
54956411591617 -0.883457 -0.024546 1.136713 -0.219596 0.680825 0.129899 0.686572
54956444901192 -0.866189 -0.021244 1.129884 -0.232596 0.683526 0.136474 0.678282
54956478237617 -0.850472 -0.017698 1.124717 -0.244223 0.687936 0.140836 0.668778
54956511574287 -0.834076 -0.014048 1.118796 -0.250899 0.693868 0.141567 0.659966
54956544912471 -0.811201 -0.009527 1.112100 -0.257297 0.697576 0.143833 0.653068
54956578248897 -0.793629 -0.005380 1.105037 -0.267712 0.700750 0.148245 0.644441
54956611585567 -0.776061 -0.001272 1.097730 -0.276848 0.703296 0.152202 0.636839
54956644927872 -0.760504 0.002321 1.089663 -0.283633 0.704258 0.156286 0.631782
54956678264298 -0.743625 0.005617 1.082339 -0.289085 0.703960 0.160042 0.628694
54956711600968 -0.726530 0.009391 1.074962 -0.297513 0.703455 0.164612 0.624131
54956744875483 -0.709906 0.013188 1.068388 -0.308835 0.702883 0.167476 0.618489
54956778211909 -0.693567 0.016839 1.061399 -0.319670 0.700445 0.171323 0.614683
54956811548579 -0.677824 0.019408 1.054682 -0.328402 0.696271 0.176430 0.613377
54956844930602 -0.662982 0.021536 1.049359 -0.336781 0.691861 0.181022 0.612485
54956878267028 -0.647964 0.023994 1.043168 -0.347549 0.687272 0.184752 0.610519
54956911603698 -0.633464 0.026246 1.037334 -0.358233 0.683213 0.186640 0.608321
54956944918705 -0.617209 0.029297 1.031989 -0.368037 0.677916 0.187386 0.608166
54956978255130 -0.604778 0.031012 1.027103 -0.379123 0.670098 0.188634 0.609632
54957011591800 -0.593389 0.033148 1.022456 -0.393530 0.660951 0.188580 0.610504
54957044882046 -0.582206 0.036517 1.018124 -0.411150 0.650138 0.188826 0.610427
54957078218472 -0.573108 0.038780 1.014348 -0.428410 0.638108 0.187469 0.611668
54957111555142 -0.565336 0.040757 1.011002 -0.443231 0.625866 0.182394 0.615281
54957144879537 -0.558441 0.043921 1.007563 -0.458263 0.616311 0.175496 0.615919
54957178215963 -0.552991 0.046258 1.004860 -0.474061 0.605694 0.167123 0.616823
54957211552633 -0.549805 0.047873 1.002920 -0.489310 0.592272 0.157086 0.620575
54957244791698 -0.546238 0.048305 0.998957 -0.503209 0.578495 0.147970 0.624683
54957278128123 -0.545947 0.048563 0.998354 -0.517349 0.565829 0.139150 0.626757
54957311464793 -0.547993 0.048452 0.998426 -0.533602 0.549642 0.128993 0.629701
54957344841010 -0.552467 0.047016 0.999521 -0.550406 0.529620 0.114769 0.635125
54957378177436 -0.558811 0.046302 1.000522 -0.569887 0.507547 0.100740 0.638339
54957411514106 -0.565844 0.044251 1.002097 -0.595977 0.480600 0.096122 0.636077
54957444850607 -0.574770 0.040240 1.004626 -0.615057 0.448504 0.089160 0.642340
54957478187033 -0.583656 0.036269 1.007107 -0.627900 0.420967 0.079274 0.649803
54957511523703 -0.592342 0.032646 1.009881 -0.642181 0.399980 0.067742 0.650408
54957544862817 -0.600401 0.029378 1.012217 -0.656856 0.386571 0.058055 0.644774
54957578199243 -0.608048 0.025829 1.015832 -0.672879 0.380239 0.054163 0.632233
54957611535913 -0.615562 0.022003 1.019883 -0.686257 0.376667 0.055246 0.619775
54957644790849 -0.621980 0.014786 1.023342 -0.684749 0.376686 0.054224 0.621519
54957678127275 -0.629901 0.010750 1.027797 -0.683271 0.381014 0.050009 0.620861
54957711463945 -0.638313 0.006698 1.032357 -0.680145 0.385441 0.044653 0.621968
54957744609123 -0.647620 0.001082 1.035904 -0.679248 0.389191 0.042810 0.620742
54957777945548 -0.656787 -0.002942 1.040924 -0.676812 0.395565 0.042675 0.619380
54957811282218 -0.666088 -0.007274 1.046700 -0.671590 0.404397 0.044435 0.619238
54957844618888 -0.675894 -0.012392 1.053033 -0.666418 0.410484 0.050728 0.620336
54957877892700 -0.688549 -0.013735 1.057986 -0.661204 0.417609 0.056721 0.620641
54957911229370 -0.698382 -0.017052 1.063950 -0.654641 0.428123 0.058635 0.620256
54957944640310 -0.708855 -0.019802 1.069967 -0.645712 0.436416 0.058462 0.623843
54957977976736 -0.718946 -0.022389 1.075664 -0.637730 0.444859 0.058938 0.626041
54958011313406 -0.728074 -0.024263 1.081247 -0.631890 0.455069 0.062694 0.624257
54958044605403 -0.739930 -0.026498 1.087839 -0.623733 0.465475 0.065154 0.624535
54958077941828 -0.749185 -0.028661 1.093106 -0.612383 0.474040 0.064139 0.629411
54958111278498 -0.757990 -0.030424 1.097974 -0.602873 0.480394 0.064582 0.633716
54958144634187 -0.768090 -0.033449 1.103565 -0.595265 0.488533 0.065616 0.634578
54958177970613 -0.774748 -0.033978 1.107354 -0.587195 0.496465 0.065352 0.635967
54958211307283 -0.780353 -0.033887 1.110452 -0.579834 0.502371 0.064496 0.638167
54958244642843 -0.786666 -0.033772 1.114210 -0.574668 0.507203 0.063989 0.639067
54958277979269 -0.788738 -0.031641 1.115791 -0.571048 0.511888 0.064129 0.638563
54958311315939 -0.788913 -0.028340 1.116396 -0.568884 0.516427 0.062742 0.636975
54958344669959 -0.790253 -0.025162 1.118055 -0.570679 0.517824 0.062962 0.634208
54958378006385 -0.787148 -0.020191 1.116753 -0.575326 0.517812 0.063677 0.629934
54958411343055 -0.782183 -0.013931 1.114155 -0.581414 0.518720 0.060807 0.623850
54958444644478 -0.777565 -0.008099 1.111951 -0.589621 0.517550 0.059592 0.617201
54958477980904 -0.769711 -0.001707 1.107911 -0.597728 0.516750 0.059641 0.610027
54958511317574 -0.760611 0.004686 1.103157 -0.603101 0.517345 0.057648 0.604400
54958544700415 -0.751514 0.010690 1.097238 -0.609802 0.518166 0.053965 0.597272
54958578036840 -0.740855 0.017336 1.090594 -0.618120 0.517347 0.051512 0.589599
54958611419265 -0.730563 0.022798 1.083380 -0.625139 0.515282 0.049898 0.584119
54958644755935 -0.718961 0.028082 1.076097 -0.631077 0.512968 0.048147 0.579903
54958678092361 -0.706909 0.032675 1.068644 -0.636030 0.509796 0.047243 0.577358
54958711429031 -0.693982 0.036641 1.061233 -0.639602 0.507490 0.047870 0.575388
54958744792026 -0.680481 0.040709 1.053235 -0.640576 0.506939 0.049047 0.574691
54958778128452 -0.665776 0.043738 1.046435 -0.635949 0.510666 0.049518 0.576487
54958811465122 -0.650746 0.046026 1.040391 -0.627667 0.515680 0.052705 0.580801
54958844912577 -0.636674 0.047631 1.034692 -0.619842 0.517065 0.063581 0.586854
54958878249002 -0.620640 0.049251 1.029156 -0.609467 0.524257 0.076390 0.589805
54958911585672 -0.603878 0.051681 1.023483 -0.597649 0.537728 0.085508 0.588518
54958944922342 -0.588166 0.054798 1.017644 -0.580921 0.554962 0.081327 0.589859
54958978232809 -0.573805 0.057420 1.011843 -0.564947 0.572133 0.074710 0.589845
54959011569479 -0.561181 0.058636 1.006540 -0.557017 0.581781 0.083997 0.586692
54959044925463 -0.550249 0.058510 1.001286 -0.550340 0.587475 0.097234 0.585273
54959078261889 -0.540845 0.058037 0.996606 -0.539430 0.597321 0.106658 0.583821
54959111528644 -0.532251 0.055505 0.992452 -0.521245 0.610626 0.122553 0.583455
54959144953905 -0.525932 0.052340 0.988904 -0.501857 0.622151 0.133249 0.585929
54959178290331 -0.521502 0.049040 0.985770 -0.479108 0.635032 0.136264 0.590443
54959211627001 -0.518730 0.043117 0.983436 -0.456277 0.644179 0.152839 0.594546
54959244925267 -0.516654 0.036820 0.980859 -0.430646 0.654828 0.164745 0.598835
54959278261693 -0.517830 0.031363 0.979436 -0.405347 0.668603 0.162201 0.601958
54959311598363 -0.520775 0.026363 0.978645 -0.383917 0.680753 0.158228 0.603445
54959344935033 -0.525422 0.020602 0.978583 -0.365096 0.689305 0.160840 0.604726
54959378225627 -0.530381 0.014402 0.979887 -0.344087 0.695769 0.164298 0.608699
54959411697640 -0.539746 0.006976 0.982021 -0.320979 0.700118 0.163203 0.616580
54959445072110 -0.550650 -0.001043 0.984499 -0.299371 0.705293 0.162107 0.621820
54959478408536 -0.562089 -0.008269 0.987738 -0.282218 0.710324 0.163166 0.623834
54959511745206 -0.575257 -0.015762 0.991755 -0.267333 0.713569 0.164714 0.626275
54959545159731 -0.588360 -0.025346 0.996474 -0.251015 0.716933 0.162212 0.629830
54959578496157 -0.604657 -0.033405 1.002101 0.238459 -0.716770 -0.162235 -0.634869
54959611832827 -0.621512 -0.041904 1.007851 0.227199 -0.717099 -0.165077 -0.637887
54959645239969 -0.639177 -0.051275 1.013466 0.213536 -0.720057 -0.165703 -0.639111
54959678576394 -0.657771 -0.060733 1.019485 0.200229 -0.721222 -0.166279 -0.641949
54959711913064 -0.677152 -0.070303 1.025440 0.189831 -0.718795 -0.170447 -0.646719
54959745246448 -0.697697 -0.079197 1.031019 0.183213 -0.713455 -0.177592 -0.652591
54959778582874 -0.716703 -0.087492 1.036646 0.174844 -0.711042 -0.181815 -0.656348
54959811919544 -0.734789 -0.094734 1.042259 0.166826 -0.710345 -0.184402 -0.658464
54959845252238 -0.751800 -0.100161 1.048287 0.160967 -0.709572 -0.188951 -0.659466
54959878588664 -0.768261 -0.105386 1.053506 0.155088 -0.710389 -0.190684 -0.659496
54959911925334 -0.784637 -0.109446 1.058671 0.152679 -0.708847 -0.191700 -0.661420
54959945223291 -0.800024 -0.112677 1.062307 0.153886 -0.706314 -0.193006 -0.663467
54959978559717 -0.815803 -0.114690 1.066320 0.158136 -0.702208 -0.193493 -0.666677
54960011896387 -0.831743 -0.116131 1.069417 0.166287 -0.695186 -0.195418 -0.671473
54960045233057 -0.847618 -0.117200 1.071482 0.175389 -0.687669 -0.195957 -0.676720
54960078545666 -0.863699 -0.117969 1.072661 0.184706 -0.679602 -0.196059 -0.682338
54960111890720 -0.878032 -0.118058 1.072284 -0.199347 0.668995 0.201768 0.687019
54960145227390 -0.892653 -0.118459 1.070424 -0.218003 0.655803 0.208432 0.692065
54960178563815 -0.907245 -0.118484 1.067629 -0.240504 0.639440 0.214359 0.698086
54960211900485 -0.921533 -0.118446 1.063964 -0.266856 0.619703 0.221365 0.704098
54960245418241 -0.935106 -0.117618 1.059360 -0.292450 0.601516 0.223727 0.708942
54960278754667 -0.947995 -0.116874 1.054839 -0.316066 0.585074 0.221148 0.713361
54960312152771 -0.960162 -0.116210 1.049731 -0.339492 0.569046 0.217724 0.716609
54960345395835 -0.970849 -0.114903 1.043100 -0.361024 0.552620 0.211323 0.720843
54960378732261 -0.982210 -0.114035 1.036762 -0.383595 0.535114 0.204252 0.724423
54960412068931 -0.992589 -0.113007 1.029749 -0.405026 0.519093 0.196268 0.726618
54960445424087 -1.001464 -0.111869 1.022264 -0.421843 0.505274 0.186601 0.729333
54960478760512 -1.010086 -0.111225 1.013694 -0.436294 0.491418 0.176550 0.732793
54960512097182 -1.017557 -0.109924 1.004389 -0.454583 0.476821 0.167858 0.733362
54960545371355 -1.018203 -0.105620 0.994289 -0.474636 0.461867 0.160201 0.731939
54960578707781 -1.023581 -0.103608 0.983582 -0.490828 0.448228 0.149671 0.731969
54960612044451 -1.028003 -0.101969 0.972321 -0.505994 0.433557 0.140813 0.732236
54960645335674 -1.028271 -0.099263 0.961789 -0.522525 0.418223 0.134565 0.730718
54960678672100 -1.030513 -0.097702 0.949633 -0.535352 0.404677 0.126113 0.730568
54960712008770 -1.031786 -0.096368 0.937064 -0.543140 0.393456 0.116124 0.732602
54960745333597 -1.032402 -0.094030 0.924212 -0.549686 0.382321 0.107185 0.734974
54960778670023 -1.032159 -0.092467 0.910238 -0.556688 0.370178 0.098221 0.737170
54960812006693 -1.031445 -0.090408 0.895298 -0.562551 0.358764 0.087132 0.739752
54960845343363 -1.030476 -0.088315 0.879489 -0.566956 0.347334 0.075650 0.743099
54960878679016 -1.030228 -0.086623 0.862005 -0.571156 0.336297 0.064057 0.746044
54960912015686 -1.028630 -0.084688 0.844554 -0.574318 0.324522 0.052365 0.749734
54960945356929 -1.026895 -0.084303 0.825365 -0.576329 0.311428 0.041141 0.754430
54960978693354 -1.024342 -0.082830 0.806784 -0.576927 0.298230 0.030605 0.759788
54961012030024 -1.021122 -0.081371 0.788172 -0.575626 0.286060 0.020726 0.765764
54961045344472 -1.017541 -0.080034 0.768567 -0.573274 0.274300 0.010662 0.772012
54961078680898 -1.013561 -0.078200 0.749951 -0.571048 0.262139 0.001285 0.777937
54961112017568 -1.009123 -0.075976 0.731419 -0.568618 0.250397 -0.008308 0.783521
54961145362961 -1.004416 -0.073572 0.713274 -0.565510 0.238686 -0.018653 0.789227
54961178699387 -0.999512 -0.070942 0.694821 -0.563058 0.225811 -0.028763 0.794448
54961212036057 -0.994479 -0.068076 0.676586 -0.561703 0.212598 -0.038462 0.798631
54961245409692 -0.989342 -0.064461 0.660131 -0.559550 0.201150 -0.049122 0.802514
54961278746117 -0.984000 -0.061255 0.642914 -0.556613 0.190417 -0.059756 0.806445
54961312082787 -0.978735 -0.058445 0.626080 -0.554335 0.178557 -0.068914 0.809989
54961345432174 -0.973620 -0.056529 0.608968 -0.551475 0.167538 -0.077687 0.813493
54961378768600 -0.968373 -0.053615 0.593413 -0.547491 0.158276 -0.087546 0.817030
54961412105270 -0.963184 -0.050783 0.578603 -0.544967 0.148887 -0.096479 0.819473
54961445415519 -0.958266 -0.048527 0.563025 -0.542759 0.138971 -0.105473 0.821568
54961478751945 -0.953372 -0.046028 0.549821 -0.541742 0.128895 -0.113529 0.822808
54961512088615 -0.948521 -0.043352 0.537949 -0.539876 0.121189 -0.122327 0.823943
54961545450490 -0.944023 -0.041099 0.527625 -0.538512 0.113917 -0.129979 0.824702
54961578786916 -0.939994 -0.039565 0.518734 -0.538122 0.106250 -0.135872 0.825030
54961612123586 -0.936445 -0.038386 0.511795 -0.538508 0.100021 -0.141190 0.824664
54961645455822 -0.933328 -0.037393 0.504873 -0.540049 0.094705 -0.144881 0.823643
54961678792248 -0.930972 -0.037184 0.502380 -0.540132 0.091217 -0.147951 0.823436
54961712128918 -0.929282 -0.037596 0.502242 -0.540752 0.087847 -0.149475 0.823121
54961745447025 -0.928139 -0.038573 0.502873 -0.541111 0.086269 -0.149575 0.823033
54961778783450 -0.927528 -0.039087 0.507481 -0.541547 0.087108 -0.149501 0.822672
54961812120120 -0.927554 -0.039293 0.514057 -0.543272 0.089334 -0.149695 0.821259
54961845432430 -0.928363 -0.040065 0.521076 -0.546141 0.093262 -0.149693 0.818917
54961878768856 -0.929620 -0.039897 0.530902 -0.548979 0.097872 -0.149156 0.816575
54961912110902 -0.931332 -0.039326 0.541307 -0.552455 0.102729 -0.148913 0.813674
54961945447572 -0.933371 -0.038675 0.553250 -0.557744 0.107463 -0.148125 0.809588
54961978783998 -0.935543 -0.037904 0.566153 -0.562729 0.112801 -0.146391 0.805718
54962012120668 -0.937592 -0.036618 0.579783 -0.566582 0.119823 -0.145666 0.802128
54962045451931 -0.939448 -0.035523 0.593555 -0.571434 0.127469 -0.144011 0.797794
54962078788356 -0.941146 -0.034421 0.608185 -0.576766 0.134416 -0.141096 0.793325
54962112125026 -0.942526 -0.033309 0.623307 -0.580539 0.142598 -0.138072 0.789668
54962145438158 -0.943589 -0.032359 0.638643 -0.583670 0.151242 -0.134566 0.786351
54962178774584 -0.944366 -0.031535 0.654356 -0.587943 0.159743 -0.129858 0.782267
54962212111254 -0.944795 -0.030783 0.670346 -0.591118 0.169258 -0.124722 0.778701
54962245447924 -0.944996 -0.030086 0.686293 -0.593902 0.178724 -0.119735 0.775243
54962278768263 -0.945378 -0.029996 0.702051 -0.598335 0.187158 -0.113483 0.770771
54962312104933 -0.945327 -0.029803 0.717839 -0.602658 0.195668 -0.106916 0.766215
54962345471699 -0.944766 -0.029191 0.733549 -0.604933 0.204721 -0.100773 0.762883
54962378808125 -0.944407 -0.029430 0.749157 -0.607105 0.213124 -0.093590 0.759765
54962412144795 -0.943836 -0.029570 0.764464 -0.609981 0.221641 -0.086405 0.755866
54962445481465 -0.943164 -0.029481 0.779325 -0.612632 0.230276 -0.080167 0.751816
54962478810707 -0.942726 -0.029171 0.793358 -0.615207 0.237808 -0.073789 0.748013
54962512147377 -0.942148 -0.029266 0.807247 -0.617626 0.245089 -0.067168 0.744284
54962545487478 -0.941291 -0.029315 0.820258 -0.620064 0.252250 -0.061368 0.740354
54962578823903 -0.940727 -0.029010 0.832811 -0.622485 0.259085 -0.056601 0.736331
54962612022424 -0.940325 -0.028730 0.844699 -0.624990 0.265358 -0.051546 0.732336
54962645497243 -0.940203 -0.028657 0.856139 -0.627084 0.271295 -0.045898 0.728737
54962678833669 -0.940597 -0.028805 0.867077 -0.628681 0.276033 -0.040226 0.725911
54962712190567 -0.941570 -0.029173 0.877693 -0.630487 0.281223 -0.034536 0.722639
54962745527237 -0.942532 -0.029218 0.888555 -0.632692 0.287141 -0.028798 0.718625
54962778854642 -0.943356 -0.029411 0.899357 -0.635098 0.292849 -0.021424 0.714444
54962812191312 -0.944756 -0.029880 0.910881 -0.637169 0.298329 -0.013578 0.710515
54962845530177 -0.945917 -0.030048 0.922823 -0.638937 0.305042 -0.005457 0.706172
54962878866602 -0.947201 -0.029661 0.935270 -0.639842 0.313866 0.001315 0.701491
54962912203272 -0.948481 -0.029046 0.947974 -0.640524 0.323449 0.007809 0.696455
54962945539942 -0.950055 -0.028731 0.960515 -0.641706 0.329658 0.015516 0.692313
54962978882795 -0.951701 -0.028160 0.973263 -0.644220 0.334169 0.023907 0.687561
54963012219465 -0.953119 -0.026596 0.986001 -0.646507 0.339866 0.029830 0.682371
54963045556135 -0.954152 -0.024804 0.999044 -0.647195 0.347275 0.033614 0.677797
54963078846972 -0.955520 -0.024419 1.012518 -0.646725 0.352761 0.038957 0.675122
54963112183642 -0.956518 -0.024154 1.026418 -0.646507 0.356420 0.045520 0.672994
54963145520311 -0.957262 -0.023759 1.040948 -0.644992 0.362128 0.049974 0.671083
54963178856737 -0.958013 -0.023148 1.056034 -0.643460 0.369012 0.051886 0.668653
54963212176884 -0.957665 -0.022412 1.071316 -0.644155 0.373169 0.056195 0.665321
54963245513554 -0.959033 -0.023153 1.087890 -0.644326 0.375846 0.061259 0.663198
54963278766724 -0.960071 -0.023601 1.104813 -0.643944 0.379052 0.064577 0.661427
54963312103394 -0.961641 -0.024355 1.122843 -0.643878 0.382189 0.067916 0.659349
54963345407715 -0.963550 -0.024246 1.141823 -0.643966 0.385565 0.070123 0.657062
54963378744140 -0.965716 -0.024714 1.161766 -0.643474 0.389357 0.071191 0.655190
54963412080810 -0.968094 -0.025179 1.182732 -0.642956 0.393262 0.071380 0.653343
54963445417480 -0.970621 -0.025994 1.204904 -0.641104 0.396408 0.071025 0.653301
54963478778632 -0.973064 -0.026622 1.228267 -0.639885 0.399729 0.070341 0.652546
54963512115302 -0.974984 -0.027695 1.252715 -0.638606 0.401112 0.070857 0.652894
54963545451972 -0.976573 -0.028891 1.278204 -0.636328 0.400265 0.071456 0.655568
54963578773692 -0.976060 -0.028382 1.304318 -0.635154 0.398886 0.071840 0.657501
54963612110362 -0.975930 -0.027938 1.331918 -0.633948 0.398210 0.071044 0.659159
54963645447032 -0.975261 -0.027085 1.360097 -0.632927 0.396361 0.069134 0.661454
54963678716402 -0.974457 -0.026230 1.389028 -0.633657 0.391617 0.071537 0.663323
54963712053072 -0.972401 -0.024545 1.418028 -0.633772 0.391424 0.072005 0.663276
54963745389742 -0.970102 -0.022134 1.447282 -0.632088 0.395545 0.069152 0.662742
54963778726168 -0.968163 -0.020345 1.476588 -0.631729 0.397672 0.069075 0.661819
54963812037537 -0.966176 -0.019096 1.504705 -0.633059 0.396701 0.071978 0.660821
54963845374207 -0.964821 -0.018466 1.532828 -0.632796 0.395041 0.0757